   0   3   0   576  575   664 
   1   3   0   492  491   665 
   2   3   0   437  436   663 
   3   3   0   521  520   662 
   4   3   0   616  794   920 
   5   3   0   791  618   921 
   6   3   0   617  788   922 
   7   3   0   785  619   923 
   8   3   0    62   61   804 
   9   3   0   210  209   805 
  10   3   0   151  150   802 
  11   3   0    72   71   641 
  12   3   0   157  156   638 
  13   3   0    65   64   648 
  14   3   0   275  274   640 
  15   3   0   220  219   645 
  16   3   0   270  269   643 
  17   3   0   222  221   649 
  18   3   0   273  272   642 
  19   3   0    76   75   639 
  20   3   0   165  164   644 
  21   3   0   224  223   646 
  22   3   0   162  161   647 
  23   3   0    38  576   893 
  24   3   0   520   34   892 
  25   3   0    32  492   891 
  26   3   0   436   28   890 
  27   3   0   459   30   650 
  28   3   0   543   36   651 
  29   3   0   576  664   893 
  30   3   0   663  436   890 
  31   3   0   492  665   891 
  32   3   0   662  520   892 
  33   3   0   372  727   844 
  34   3   0   725  339   845 
  35   3   0   292  726   846 
  36   3   0   724  419   847 
  37   3   0   648   64   819 
  38   3   0   638  156   820 
  39   3   0    72  641   821 
  40   3   0   616   38   893 
  41   3   0    34  619   892 
  42   3   0   617   32   891 
  43   3   0    28  618   890 
  44   3   0   560  697   754 
  45   3   0   699  578   753 
  46   3   0   696  494   752 
  47   3   0   476  698   755 
  48   3   0   697  375   754 
  49   3   0   336  696   752 
  50   3   0   416  699   753 
  51   3   0   698  295   755 
  52   3   0   794  616   924 
  53   3   0   618  791   925 
  54   3   0   788  617   926 
  55   3   0   619  785   927 
  56   3   0   399  398   808 
  57   3   0   319  318   809 
  58   3   0   579  578   699 
  59   3   0   560  559   697 
  60   3   0   495  494   696 
  61   3   0   476  475   698 
  62   3   0   337  336   752 
  63   3   0   295  294   755 
  64   3   0   375  374   754 
  65   3   0   417  416   753 
  66   3   0   581  580   694 
  67   3   0   558  557   693 
  68   3   0   497  496   695 
  69   3   0   474  473   692 
  70   3   0   472  471   684 
  71   3   0   499  498   687 
  72   3   0   556  555   685 
  73   3   0   583  582   686 
  74   3   0   501  500   681 
  75   3   0   470  469   683 
  76   3   0   585  584   682 
  77   3   0   554  553   680 
  78   3   0   153  800   822 
  79   3   0   104  796   823 
  80   3   0   587  586   672 
  81   3   0   503  502   673 
  82   3   0   467  466   670 
  83   3   0   551  550   671 
  84   3   0   505  504   669 
  85   3   0   589  588   668 
  86   3   0   465  464   666 
  87   3   0   549  548   667 
  88   3   0   591  590   660 
  89   3   0   507  506   661 
  90   3   0   463  462   658 
  91   3   0   547  546   659 
  92   3   0   107  106   816 
  93   3   0   593  592   656 
  94   3   0   509  508   657 
  95   3   0   105  104   823 
  96   3   0   154  153   822 
  97   3   0   461  460   654 
  98   3   0   545  544   655 
  99   3   0    73   72   821 
 100   3   0    64   63   819 
 101   3   0   156  155   820 
 102   3   0   595  594   652 
 103   3   0   511  510   653 
 104   3   0   383  382   914 
 105   3   0   303  302   915 
 106   3   0   619   34   923 
 107   3   0    38  616   920 
 108   3   0    32  617   922 
 109   3   0   618   28   921 
 110   3   0   102  101   798 
 111   3   0   216  215   803 
 112   3   0   153  152   800 
 113   3   0   212  211   801 
 114   3   0    68   67   797 
 115   3   0   104  103   796 
 116   3   0   214  213   799 
 117   3   0   793  605   795 
 118   3   0   787  604   789 
 119   3   0   664  575   848 
 120   3   0   665  491   850 
 121   3   0   521  662   849 
 122   3   0   437  663   851 
 123   3   0     1  714   960 
 124   3   0    10  715   961 
 125   3   0   314  313   774 
 126   3   0   394  393   775 
 127   3   0   607  784   786 
 128   3   0   606  790   792 
 129   3   0   467  670   675 
 130   3   0   551  671   674 
 131   3   0   605  793   794 
 132   3   0   790  606   791 
 133   3   0   604  787   788 
 134   3   0   784  607   785 
 135   3   0   632    1   960 
 136   3   0   634   10   961 
 137   3   0   627  456   860 
 138   3   0   539  628   861 
 139   3   0   629  454   859 
 140   3   0   537  776   858 
 141   3   0    25  372   844 
 142   3   0   339   23   845 
 143   3   0    21  292   846 
 144   3   0   419   27   847 
 145   3   0   628  539  1069 
 146   3   0   860  456  1070 
 147   3   0   454  629  1070 
 148   3   0   537  858  1069 
 149   3   0   694  580   842 
 150   3   0   474  692   840 
 151   3   0   695  496   841 
 152   3   0   558  693   843 
 153   3   0   780   31  1082 
 154   3   0   783   37  1083 
 155   3   0    33  623  1073 
 156   3   0    39  621  1074 
 157   3   0   312  311   807 
 158   3   0   392  391   806 
 159   3   0   623   33   929 
 160   3   0   621   39   928 
 161   3   0   687  498   837 
 162   3   0   686  582   839 
 163   3   0   472  684   836 
 164   3   0   556  685   838 
 165   3   0   275  640   959 
 166   3   0   157  638   958 
 167   3   0   321  320   810 
 168   3   0   401  400   811 
 169   3   0   650   30   774 
 170   3   0   651   36   775 
 171   3   0   636   39   808 
 172   3   0   637   33   809 
 173   3   0   310  309   812 
 174   3   0   390  389   813 
 175   3   0   681  500   835 
 176   3   0   470  683   834 
 177   3   0   682  584   832 
 178   3   0   554  680   833 
 179   3   0   323  322   815 
 180   3   0   403  402   814 
 181   3   0   642  272   796 
 182   3   0   646  223   801 
 183   3   0   641   71   797 
 184   3   0   220  645   799 
 185   3   0   649  221   799 
 186   3   0   644  164   800 
 187   3   0   640  274   798 
 188   3   0   222  649   801 
 189   3   0   645  219   803 
 190   3   0   273  642   798 
 191   3   0    31  780   961 
 192   3   0    37  783   960 
 193   3   0   674  383   914 
 194   3   0   675  303   915 
 195   3   0   398  636   808 
 196   3   0   318  637   809 
 197   3   0   631   77   804 
 198   3   0   633  166   802 
 199   3   0   308  307   817 
 200   3   0   388  387   818 
 201   3   0   672  586   830 
 202   3   0   673  502   831 
 203   3   0    61  631   804 
 204   3   0   209  635   805 
 205   3   0   150  633   802 
 206   3   0    39  636   928 
 207   3   0    33  637   929 
 208   3   0   165  644   802 
 209   3   0   644  151   802 
 210   3   0   224  646   805 
 211   3   0   646  210   805 
 212   3   0    76  639   804 
 213   3   0   639   62   804 
 214   3   0   325  324   825 
 215   3   0   405  404   824 
 216   3   0   166  633  1104 
 217   3   0    77  631  1105 
 218   3   0   180  179   851 
 219   3   0   137  136   850 
 220   3   0    91   90   849 
 221   3   0    48   47   848 
 222   3   0   643  269   816 
 223   3   0   639   75   819 
 224   3   0   647  161   820 
 225   3   0    65  648   821 
 226   3   0   270  643   823 
 227   3   0   162  647   822 
 228   3   0   306  305   827 
 229   3   0   386  385   826 
 230   3   0   669  504   828 
 231   3   0   668  588   829 
 232   3   0   574  678   848 
 233   3   0   676  522   849 
 234   3   0   490  679   850 
 235   3   0   677  438   851 
 236   3   0   407  406   829 
 237   3   0   327  326   828 
 238   3   0   549  667   826 
 239   3   0   465  666   827 
 240   3   0   942  863   943 
 241   3   0   940  865   941 
 242   3   0   795  942   943 
 243   3   0   789  940   941 
 244   3   0   660  590   824 
 245   3   0   661  506   825 
 246   3   0   543  651   806 
 247   3   0   459  650   807 
 248   3   0   329  328   831 
 249   3   0   409  408   830 
 250   3   0   463  658   817 
 251   3   0   547  659   818 
 252   3   0   495  696   841 
 253   3   0   698  475   840 
 254   3   0   579  699   842 
 255   3   0   697  559   843 
 256   3   0   657  508   815 
 257   3   0   656  592   814 
 258   3   0   461  654   812 
 259   3   0   545  655   813 
 260   3   0   331  330   835 
 261   3   0   411  410   832 
 262   3   0   301  300   834 
 263   3   0   381  380   833 
 264   3   0   692  473   836 
 265   3   0   497  695   837 
 266   3   0   581  694   839 
 267   3   0   693  557   838 
 268   3   0   653  319   809 
 269   3   0   652  399   808 
 270   3   0   652  594   811 
 271   3   0   653  510   810 
 272   3   0   685  555   833 
 273   3   0   684  471   834 
 274   3   0   583  686   832 
 275   3   0   499  687   835 
 276   3   0   299  298   836 
 277   3   0   413  412   839 
 278   3   0   379  378   838 
 279   3   0   333  332   837 
 280   3   0   585  682   830 
 281   3   0   501  681   831 
 282   3   0   107  816  1106 
 283   3   0   655  544   806 
 284   3   0   654  460   807 
 285   3   0   503  673   828 
 286   3   0   587  672   829 
 287   3   0   671  550   826 
 288   3   0   670  466   827 
 289   3   0   242  241   847 
 290   3   0   193  192   846 
 291   3   0   124  123   845 
 292   3   0   252  251   844 
 293   3   0   505  669   825 
 294   3   0   589  668   824 
 295   3   0   377  376   843 
 296   3   0   415  414   842 
 297   3   0   297  296   840 
 298   3   0   335  334   841 
 299   3   0   666  464   817 
 300   3   0   667  548   818 
 301   3   0   591  660   814 
 302   3   0   507  661   815 
 303   3   0   658  462   812 
 304   3   0   659  546   813 
 305   3   0   509  657   810 
 306   3   0   593  656   811 
 307   3   0   313  650   774 
 308   3   0   393  651   775 
 309   3   0   511  653   809 
 310   3   0   595  652   808 
 311   3   0   864  930   938 
 312   3   0   862  931   939 
 313   3   0   608  314   774 
 314   3   0   609  394   775 
 315   3   0   642  102   798 
 316   3   0   101  640   798 
 317   3   0   103  642   796 
 318   3   0   211  646   801 
 319   3   0   215  645   803 
 320   3   0   152  644   800 
 321   3   0    67  641   797 
 322   3   0   649  212   801 
 323   3   0   645  214   799 
 324   3   0   213  649   799 
 325   3   0   384  383   674 
 326   3   0   304  303   675 
 327   3   0   635   15   935 
 328   3   0   630   19   933 
 329   3   0   106  643   816 
 330   3   0    63  639   819 
 331   3   0   648   73   821 
 332   3   0   155  647   820 
 333   3   0   643  105   823 
 334   3   0   647  154   822 
 335   3   0   708  613   784 
 336   3   0   705  612   790 
 337   3   0   611  711   787 
 338   3   0   610  702   793 
 339   3   0   650  312   807 
 340   3   0   651  392   806 
 341   3   0   216  803   967 
 342   3   0    68  797   966 
 343   3   0   671  384   674 
 344   3   0   670  304   675 
 345   3   0   311  654   807 
 346   3   0   391  655   806 
 347   3   0    35  712   783 
 348   3   0    29  713   780 
 349   3   0   657  321   810 
 350   3   0   656  401   811 
 351   3   0   320  653   810 
 352   3   0   400  652   811 
 353   3   0   930  786   938 
 354   3   0   931  792   939 
 355   3   0   683  469   915 
 356   3   0   680  553   914 
 357   3   0   382  680   914 
 358   3   0   302  683   915 
 359   3   0   309  658   812 
 360   3   0   389  659   813 
 361   3   0   654  310   812 
 362   3   0   655  390   813 
 363   3   0   660  403   814 
 364   3   0   661  323   815 
 365   3   0   322  657   815 
 366   3   0   402  656   814 
 367   3   0   387  667   818 
 368   3   0   307  666   817 
 369   3   0   658  308   817 
 370   3   0   659  388   818 
 371   3   0   668  405   824 
 372   3   0   669  325   825 
 373   3   0   404  660   824 
 374   3   0   324  661   825 
 375   3   0   385  671   826 
 376   3   0   305  670   827 
 377   3   0   666  306   827 
 378   3   0   667  386   826 
 379   3   0   672  407   829 
 380   3   0   673  327   828 
 381   3   0   406  668   829 
 382   3   0   326  669   828 
 383   3   0    36  621   775 
 384   3   0    30  623   774 
 385   3   0   663  180   851 
 386   3   0   136  665   850 
 387   3   0   662   91   849 
 388   3   0    47  664   848 
 389   3   0   179  677   851 
 390   3   0    90  676   849 
 391   3   0   679  137   850 
 392   3   0   678   48   848 
 393   3   0   682  409   830 
 394   3   0   681  329   831 
 395   3   0   328  673   831 
 396   3   0   408  672   830 
 397   3   0   686  411   832 
 398   3   0   300  684   834 
 399   3   0   687  331   835 
 400   3   0   380  685   833 
 401   3   0   410  682   832 
 402   3   0   330  681   835 
 403   3   0   683  301   834 
 404   3   0   680  381   833 
 405   3   0   702  610   947 
 406   3   0   612  705   946 
 407   3   0   711  611   945 
 408   3   0   613  708   944 
 409   3   0   727  252   844 
 410   3   0   123  725   845 
 411   3   0   726  193   846 
 412   3   0   241  724   847 
 413   3   0   298  692   836 
 414   3   0   695  333   837 
 415   3   0   378  693   838 
 416   3   0   694  413   839 
 417   3   0   684  299   836 
 418   3   0   685  379   838 
 419   3   0   332  687   837 
 420   3   0   412  686   839 
 421   3   0   376  697   843 
 422   3   0   696  335   841 
 423   3   0   296  698   840 
 424   3   0   699  415   842 
 425   3   0   692  297   840 
 426   3   0   693  377   843 
 427   3   0   334  695   841 
 428   3   0   414  694   842 
 429   3   0    15  772   935 
 430   3   0    19  773   933 
 431   3   0    28  703   921 
 432   3   0   700   38   920 
 433   3   0   709   32   922 
 434   3   0    34  706   923 
 435   3   0   933    8  1106 
 436   3   0   935   18  1107 
 437   3   0   714    1   999 
 438   3   0   715   10   998 
 439   3   0   611  787   789 
 440   3   0   610  793   795 
 441   3   0   496  495   841 
 442   3   0   580  579   842 
 443   3   0   475  474   840 
 444   3   0   559  558   843 
 445   3   0   417  753   916 
 446   3   0   337  752   918 
 447   3   0   754  374   919 
 448   3   0   755  294   917 
 449   3   0   783  712   948 
 450   3   0   780  713   949 
 451   3   0   575  574   848 
 452   3   0   522  521   849 
 453   3   0   491  490   850 
 454   3   0   438  437   851 
 455   3   0   856  609   997 
 456   3   0   857  608   996 
 457   3   0   539  538  1069 
 458   3   0   456  455  1070 
 459   3   0   626  861  1068 
 460   3   0   626 1068  1076 
 461   3   0   859  777  1078 
 462   3   0  1078  777  1079 
 463   3   0   538  537  1069 
 464   3   0   455  454  1070 
 465   3   0   468  467   675 
 466   3   0   552  551   674 
 467   3   0   438  677  1098 
 468   3   0   522  676  1097 
 469   3   0   679  490  1099 
 470   3   0   678  574  1096 
 471   3   0   779  780  1082 
 472   3   0   782  783  1083 
 473   3   0   621  620  1074 
 474   3   0   623  622  1073 
 475   3   0   712    4   948 
 476   3   0   713   13   949 
 477   3   0   498  497   837 
 478   3   0   582  581   839 
 479   3   0   557  556   838 
 480   3   0   473  472   836 
 481   3   0    13  166  1104 
 482   3   0     4   77  1105 
 483   3   0   609  856   936 
 484   3   0   608  857   937 
 485   3   0   816  630  1106 
 486   3   0   555  554   833 
 487   3   0   471  470   834 
 488   3   0   500  499   835 
 489   3   0   584  583   832 
 490   3   0    13  713  1001 
 491   3   0     4  712  1000 
 492   3   0   242  847   947 
 493   3   0   846  192   946 
 494   3   0   124  845   945 
 495   3   0   844  251   944 
 496   3   0   630  933  1106 
 497   3   0   635  935  1107 
 498   3   0   339  725  1029 
 499   3   0   726  292  1027 
 500   3   0   419  724  1028 
 501   3   0   727  372  1026 
 502   3   0   762  201   952 
 503   3   0   761  260   953 
 504   3   0   233  763   955 
 505   3   0   115  760   954 
 506   3   0   260  761   964 
 507   3   0   763  233   962 
 508   3   0   760  115   963 
 509   3   0   201  762   965 
 510   3   0   586  585   830 
 511   3   0   502  501   831 
 512   3   0    38  700  1103 
 513   3   0    32  709  1100 
 514   3   0   706   34  1102 
 515   3   0   703   28  1101 
 516   3   0   504  503   828 
 517   3   0   588  587   829 
 518   3   0   550  549   826 
 519   3   0   466  465   827 
 520   3   0   854   60   956 
 521   3   0   853  149   957 
 522   3   0   775  621   997 
 523   3   0   774  623   996 
 524   3   0   506  505   825 
 525   3   0   590  589   824 
 526   3   0   796  271   823 
 527   3   0   800  163   822 
 528   3   0   548  547   818 
 529   3   0   464  463   817 
 530   3   0   951   78  1000 
 531   3   0   950  167  1001 
 532   3   0   592  591   814 
 533   3   0   508  507   815 
 534   3   0   784  613   786 
 535   3   0   790  612   792 
 536   3   0   149  853   998 
 537   3   0    60  854   999 
 538   3   0   546  545   813 
 539   3   0   462  461   812 
 540   3   0   468  675   915 
 541   3   0   552  674   914 
 542   3   0   221  220   799 
 543   3   0   272  271   796 
 544   3   0    71   70   797 
 545   3   0   223  222   801 
 546   3   0   164  163   800 
 547   3   0   219  218   803 
 548   3   0   274  273   798 
 549   3   0   594  593   811 
 550   3   0   510  509   810 
 551   3   0   544  543   806 
 552   3   0   460  459   807 
 553   3   0   852  950  1001 
 554   3   0   855  951  1000 
 555   3   0   268  630   816 
 556   3   0   269  268   816 
 557   3   0   161  160   820 
 558   3   0   160  638   820 
 559   3   0    74  648   819 
 560   3   0    75   74   819 
 561   3   0    66   65   821 
 562   3   0   641   66   821 
 563   3   0   163  162   822 
 564   3   0   271  270   823 
 565   3   0   932    8   933 
 566   3   0   934   18   935 
 567   3   0   478   31   715 
 568   3   0    29  450   713 
 569   3   0    35  534   712 
 570   3   0   562   37   714 
 571   3   0    33  511   809 
 572   3   0    39  595   808 
 573   3   0   785  607   927 
 574   3   0   605  794   924 
 575   3   0   604  788   926 
 576   3   0   791  606   925 
 577   3   0   478  715   853 
 578   3   0   562  714   854 
 579   3   0   607  786   930 
 580   3   0   606  792   931 
 581   3   0   469  468   915 
 582   3   0   553  552   914 
 583   3   0   479  478   853 
 584   3   0   563  562   854 
 585   3   0   393  392   651 
 586   3   0   313  312   650 
 587   3   0   318  317   637 
 588   3   0   398  397   636 
 589   3   0   637  317   857 
 590   3   0   636  397   856 
 591   3   0   707   25   708 
 592   3   0    23  710   711 
 593   3   0   704   21   705 
 594   3   0    27  701   702 
 595   3   0   395  394   609 
 596   3   0   315  314   608 
 597   3   0   711  710   787 
 598   3   0   702  701   793 
 599   3   0   704  705   790 
 600   3   0   707  708   784 
 601   3   0   708   25   844 
 602   3   0    27  702   847 
 603   3   0    23  711   845 
 604   3   0   705   21   846 
 605   3   0   633   10   634 
 606   3   0   631    1   632 
 607   3   0    23  709   710 
 608   3   0   703   21   704 
 609   3   0   706   25   707 
 610   3   0    27  700   701 
 611   3   0   365  364   761 
 612   3   0   347  346   760 
 613   3   0   285  284   762 
 614   3   0   427  426   763 
 615   3   0    20  435   615 
 616   3   0    24  355   614 
 617   3   0   209   15   635 
 618   3   0   268   19   630 
 619   3   0   150   10   633 
 620   3   0    61    1   631 
 621   3   0   317  316   857 
 622   3   0   397  396   856 
 623   3   0   561  560   754 
 624   3   0   578  577   753 
 625   3   0   477  476   755 
 626   3   0   494  493   752 
 627   3   0   787  710   788 
 628   3   0   704  790   791 
 629   3   0   793  701   794 
 630   3   0   707  784   785 
 631   3   0    23  338   709 
 632   3   0   293   21   703 
 633   3   0   373   25   706 
 634   3   0    27  418   700 
 635   3   0   450  449   852 
 636   3   0   534  533   855 
 637   3   0   935  772  1054 
 638   3   0   933  773  1055 
 639   3   0    77   76   804 
 640   3   0   166  165   802 
 641   3   0   225  224   805 
 642   3   0    14  187   188 
 643   3   0   246   40     0 
 644   3   0    98  247     5 
 645   3   0   129    9   128 
 646   3   0   600  628   858 
 647   3   0   454  453   859 
 648   3   0   213  212   649 
 649   3   0   103  102   642 
 650   3   0   106  105   643 
 651   3   0   215  214   645 
 652   3   0   211  210   646 
 653   3   0    74   73   648 
 654   3   0    63   62   639 
 655   3   0   152  151   644 
 656   3   0   155  154   647 
 657   3   0   457  456   627 
 658   3   0   516  515   629 
 659   3   0   541  540   626 
 660   3   0   600  599   628 
 661   3   0   453  777   859 
 662   3   0   629  515   860 
 663   3   0   537  536   776 
 664   3   0   453  452   777 
 665   3   0   515  514   860 
 666   3   0   101  100   640 
 667   3   0   513  512   781 
 668   3   0   519  518   624 
 669   3   0   603  602   625 
 670   3   0   597  596   778 
 671   3   0   601  600   858 
 672   3   0   160  159   638 
 673   3   0    30  458   622 
 674   3   0   535   35   782 
 675   3   0    36  542   620 
 676   3   0   451   29   779 
 677   3   0    67   66   641 
 678   3   0   626  540   861 
 679   3   0   540  539   861 
 680   3   0   130  129   865 
 681   3   0   129  128   865 
 682   3   0   189  188   862 
 683   3   0    98   97   864 
 684   3   0   188  187   862 
 685   3   0   128  127   865 
 686   3   0   246  245   863 
 687   3   0   187  186   862 
 688   3   0   247   98   864 
 689   3   0    41   40   863 
 690   3   0   248  247   864 
 691   3   0    40  246   863 
 692   3   0   615  935  1054 
 693   3   0   614  933  1055 
 694   3   0   191  190   612 
 695   3   0   250  249   613 
 696   3   0   126  125   611 
 697   3   0   244  243   610 
 698   3   0   713  450   852 
 699   3   0   712  534   855 
 700   3   0    96   95   607 
 701   3   0   132  131   604 
 702   3   0    43   42   605 
 703   3   0   185  184   606 
 704   3   0   336  335   696 
 705   3   0   416  415   699 
 706   3   0   296  295   698 
 707   3   0   376  375   697 
 708   3   0   334  333   695 
 709   3   0   414  413   694 
 710   3   0   298  297   692 
 711   3   0   378  377   693 
 712   3   0   332  331   687 
 713   3   0   380  379   685 
 714   3   0   412  411   686 
 715   3   0   300  299   684 
 716   3   0   330  329   681 
 717   3   0   382  381   680 
 718   3   0   302  301   683 
 719   3   0   410  409   682 
 720   3   0   408  407   672 
 721   3   0   328  327   673 
 722   3   0   305  304   670 
 723   3   0   385  384   671 
 724   3   0   326  325   669 
 725   3   0   406  405   668 
 726   3   0   387  386   667 
 727   3   0   307  306   666 
 728   3   0   404  403   660 
 729   3   0   324  323   661 
 730   3   0   389  388   659 
 731   3   0   309  308   658 
 732   3   0   322  321   657 
 733   3   0   402  401   656 
 734   3   0   311  310   654 
 735   3   0   391  390   655 
 736   3   0   320  319   653 
 737   3   0   400  399   652 
 738   3   0   782   35   783 
 739   3   0   779   29   780 
 740   3   0   241  240   724 
 741   3   0   123  122   725 
 742   3   0   194  193   726 
 743   3   0   253  252   727 
 744   3   0   240  239   867 
 745   3   0   122  121   866 
 746   3   0   195  194   868 
 747   3   0   254  253   869 
 748   3   0   255  254   734 
 749   3   0   196  195   735 
 750   3   0   121  120   732 
 751   3   0   239  238   733 
 752   3   0   197  196   870 
 753   3   0   238  237   873 
 754   3   0   256  255   871 
 755   3   0   120  119   875 
 756   3   0   237  236   740 
 757   3   0   119  118   742 
 758   3   0   198  197   741 
 759   3   0   257  256   743 
 760   3   0   236  235   876 
 761   3   0   199  198   874 
 762   3   0   258  257   872 
 763   3   0   118  117   877 
 764   3   0   235  234   749 
 765   3   0   117  116   750 
 766   3   0   259  258   748 
 767   3   0   200  199   751 
 768   3   0   203  202   744 
 769   3   0   262  261   745 
 770   3   0   114  113   746 
 771   3   0   232  231   747 
 772   3   0   204  203   880 
 773   3   0   263  262   882 
 774   3   0   113  112   878 
 775   3   0   231  230   879 
 776   3   0   264  263   736 
 777   3   0   205  204   737 
 778   3   0   230  229   738 
 779   3   0   112  111   739 
 780   3   0   265  264   881 
 781   3   0   206  205   883 
 782   3   0   229  228   885 
 783   3   0   111  110   884 
 784   3   0   207  206   729 
 785   3   0   266  265   728 
 786   3   0   110  109   731 
 787   3   0   228  227   730 
 788   3   0   227  226   886 
 789   3   0   208  207   888 
 790   3   0   267  266   889 
 791   3   0   109  108   887 
 792   3   0    15  208   721 
 793   3   0    19  267   720 
 794   3   0   226   18   723 
 795   3   0   108    8   722 
 796   3   0    11  157   958 
 797   3   0     6  275   959 
 798   3   0    19  720   773 
 799   3   0    15  721   772 
 800   3   0    30  622   623 
 801   3   0    36  620   621 
 802   3   0   724  240   867 
 803   3   0   194  726   868 
 804   3   0   725  122   866 
 805   3   0   253  727   869 
 806   3   0   121  732   866 
 807   3   0   239  733   867 
 808   3   0   735  195   868 
 809   3   0   734  254   869 
 810   3   0   255  734   871 
 811   3   0   196  735   870 
 812   3   0   733  238   873 
 813   3   0   732  120   875 
 814   3   0   741  197   870 
 815   3   0   237  740   873 
 816   3   0   743  256   871 
 817   3   0   119  742   875 
 818   3   0   740  236   876 
 819   3   0   742  118   877 
 820   3   0   257  743   872 
 821   3   0   198  741   874 
 822   3   0   235  749   876 
 823   3   0   748  258   872 
 824   3   0   751  199   874 
 825   3   0   117  750   877 
 826   3   0   203  744   880 
 827   3   0   262  745   882 
 828   3   0   746  113   878 
 829   3   0   747  231   879 
 830   3   0   737  204   880 
 831   3   0   112  739   878 
 832   3   0   230  738   879 
 833   3   0   736  263   882 
 834   3   0   264  736   881 
 835   3   0   738  229   885 
 836   3   0   739  111   884 
 837   3   0   205  737   883 
 838   3   0   729  206   883 
 839   3   0   728  265   881 
 840   3   0   110  731   884 
 841   3   0   228  730   885 
 842   3   0   207  729   888 
 843   3   0   266  728   889 
 844   3   0   730  227   886 
 845   3   0   731  109   887 
 846   3   0   226  723   886 
 847   3   0   108  722   887 
 848   3   0   721  208   888 
 849   3   0   720  267   889 
 850   3   0   158   11   958 
 851   3   0    99    6   959 
 852   3   0   134  133   617 
 853   3   0   183  182   618 
 854   3   0    45   44   616 
 855   3   0    94   93   619 
 856   3   0   182  181   890 
 857   3   0   135  134   891 
 858   3   0    93   92   892 
 859   3   0    46   45   893 
 860   3   0    92   91   662 
 861   3   0   181  180   663 
 862   3   0    47   46   664 
 863   3   0   136  135   665 
 864   3   0    90   89   676 
 865   3   0   179  178   677 
 866   3   0    49   48   678 
 867   3   0   138  137   679 
 868   3   0   139  138   897 
 869   3   0    50   49   895 
 870   3   0   178  177   894 
 871   3   0    89   88   899 
 872   3   0    51   50   690 
 873   3   0   140  139   691 
 874   3   0   177  176   689 
 875   3   0    88   87   688 
 876   3   0   141  140   903 
 877   3   0    87   86   900 
 878   3   0   176  175   896 
 879   3   0    52   51   898 
 880   3   0    86   85   716 
 881   3   0   175  174   717 
 882   3   0    53   52   719 
 883   3   0   142  141   718 
 884   3   0   143  142   905 
 885   3   0   174  173   902 
 886   3   0    85   84   901 
 887   3   0    54   53   908 
 888   3   0    84   83   756 
 889   3   0    55   54   759 
 890   3   0   144  143   758 
 891   3   0   173  172   757 
 892   3   0   145  144   906 
 893   3   0    83   82   909 
 894   3   0    56   55   904 
 895   3   0   172  171   907 
 896   3   0    57   56   764 
 897   3   0   146  145   765 
 898   3   0   171  170   767 
 899   3   0    82   81   766 
 900   3   0   147  146   913 
 901   3   0   170  169   910 
 902   3   0    81   80   912 
 903   3   0    58   57   911 
 904   3   0    59   58   769 
 905   3   0   148  147   768 
 906   3   0    80   79   770 
 907   3   0   169  168   771 
 908   3   0   610  795   943 
 909   3   0   611  789   941 
 910   3   0   795  605   942 
 911   3   0   789  604   940 
 912   3   0   619   93   892 
 913   3   0   618  182   890 
 914   3   0   134  617   891 
 915   3   0    45  616   893 
 916   3   0   181  663   890 
 917   3   0   665  135   891 
 918   3   0    92  662   892 
 919   3   0   664   46   893 
 920   3   0    49  678   895 
 921   3   0   138  679   897 
 922   3   0   677  178   894 
 923   3   0   676   89   899 
 924   3   0   691  139   897 
 925   3   0   177  689   894 
 926   3   0   690   50   895 
 927   3   0    88  688   899 
 928   3   0   688   87   900 
 929   3   0   140  691   903 
 930   3   0   689  176   896 
 931   3   0    51  690   898 
 932   3   0   719   52   898 
 933   3   0    86  716   900 
 934   3   0   175  717   896 
 935   3   0   718  141   903 
 936   3   0    53  719   908 
 937   3   0   142  718   905 
 938   3   0   717  174   902 
 939   3   0   716   85   901 
 940   3   0   758  143   905 
 941   3   0   173  757   902 
 942   3   0    84  756   901 
 943   3   0   759   54   908 
 944   3   0   756   83   909 
 945   3   0   144  758   906 
 946   3   0   757  172   907 
 947   3   0    55  759   904 
 948   3   0   764   56   904 
 949   3   0   765  145   906 
 950   3   0   171  767   907 
 951   3   0    82  766   909 
 952   3   0   146  765   913 
 953   3   0   767  170   910 
 954   3   0   766   81   912 
 955   3   0    57  764   911 
 956   3   0    80  770   912 
 957   3   0   768  147   913 
 958   3   0   769   58   911 
 959   3   0   169  771   910 
 960   3   0     2   68   966 
 961   3   0    16  216   967 
 962   3   0    69    2   966 
 963   3   0   217   16   967 
 964   3   0   715   31   961 
 965   3   0   714   37   960 
 966   3   0   608  774   996 
 967   3   0   609  775   997 
 968   3   0   847  702   947 
 969   3   0   705  846   946 
 970   3   0   845  711   945 
 971   3   0   708  844   944 
 972   3   0   418  417   916 
 973   3   0   374  373   919 
 974   3   0   294  293   917 
 975   3   0   338  337   918 
 976   3   0   703  704   921 
 977   3   0   701  700   920 
 978   3   0   710  709   922 
 979   3   0   706  707   923 
 980   3   0   776  625  1080 
 981   3   0   625  776  1071 
 982   3   0   627  860  1075 
 983   3   0   861  628  1068 
 984   3   0   778  626  1076 
 985   3   0   624  777  1072 
 986   3   0   777  624  1079 
 987   3   0   622  781  1073 
 988   3   0   781  622  1077 
 989   3   0   778  620  1081 
 990   3   0   781  627  1075 
 991   3   0   627  781  1077 
 992   3   0   779  624  1072 
 993   3   0   626  778  1081 
 994   3   0   624  779  1082 
 995   3   0   629  859  1078 
 996   3   0   620  778  1074 
 997   3   0   858  776  1080 
 998   3   0   782  625  1071 
 999   3   0   625  782  1083 
1000   3   0   805  635  1107 
1001   3   0   786  613   938 
1002   3   0   792  612   939 
1003   3   0    43  605   924 
1004   3   0   607   95   927 
1005   3   0   132  604   926 
1006   3   0   606  184   925 
1007   3   0    22  315   937 
1008   3   0    26  395   936 
1009   3   0   864   97   930 
1010   3   0   862  186   931 
1011   3   0    96  607   930 
1012   3   0   185  606   931 
1013   3   0   316   22   937 
1014   3   0   396   26   936 
1015   3   0   183  618   925 
1016   3   0   617  133   926 
1017   3   0   616   44   924 
1018   3   0    94  619   927 
1019   3   0   722 1039  1041 
1020   3   0   723 1038  1040 
1021   3   0   248  864   938 
1022   3   0   189  862   939 
1023   3   0   613  249   938 
1024   3   0   612  190   939 
1025   3   0   863  245   943 
1026   3   0   130  865   940 
1027   3   0    41  863   942 
1028   3   0   865  127   941 
1029   3   0   126  611   941 
1030   3   0   244  610   943 
1031   3   0   855  533   981 
1032   3   0   852  449   980 
1033   3   0  1039  354  1041 
1034   3   0  1038  434  1040 
1035   3   0   604  131   940 
1036   3   0   605   42   942 
1037   3   0   365  761   971 
1038   3   0   285  762   970 
1039   3   0   760  346   969 
1040   3   0   763  426   968 
1041   3   0   611  125   945 
1042   3   0   250  613   944 
1043   3   0   191  612   946 
1044   3   0   610  243   947 
1045   3   0   563  854   982 
1046   3   0   479  853   983 
1047   3   0   260  259   953 
1048   3   0   201  200   952 
1049   3   0   116  115   954 
1050   3   0   234  233   955 
1051   3   0   794  701   920 
1052   3   0   788  710   922 
1053   3   0   704  791   921 
1054   3   0   707  785   923 
1055   3   0   753  577  1103 
1056   3   0   477  755  1101 
1057   3   0   752  493  1100 
1058   3   0   561  754  1102 
1059   3   0   700  418   916 
1060   3   0   293  703   917 
1061   3   0   709  338   918 
1062   3   0   373  706   919 
1063   3   0    79   78   951 
1064   3   0   168  167   950 
1065   3   0   261  260   964 
1066   3   0   233  232   962 
1067   3   0   115  114   963 
1068   3   0   202  201   965 
1069   3   0   615  435  1038 
1070   3   0   614  355  1039 
1071   3   0   225  805  1107 
1072   3   0    60   59   956 
1073   3   0   149  148   957 
1074   3   0   625  602  1080 
1075   3   0   620  542  1081 
1076   3   0   777  452  1072 
1077   3   0   776  536  1071 
1078   3   0   451  779  1072 
1079   3   0   860  514  1075 
1080   3   0   597  778  1076 
1081   3   0   513  781  1075 
1082   3   0   624  518  1079 
1083   3   0   781  512  1073 
1084   3   0   622  458  1077 
1085   3   0   516  629  1078 
1086   3   0   519  624  1082 
1087   3   0   457  627  1077 
1088   3   0   541  626  1081 
1089   3   0   628  599  1068 
1090   3   0   778  596  1074 
1091   3   0   601  858  1080 
1092   3   0   535  782  1071 
1093   3   0   603  625  1083 
1094   3   0   783  948   960 
1095   3   0   780  949   961 
1096   3   0   948  632   960 
1097   3   0   949  634   961 
1098   3   0   761  364   978 
1099   3   0   347  760   977 
1100   3   0   427  763   976 
1101   3   0   762  284   979 
1102   3   0   523  522  1097 
1103   3   0   439  438  1098 
1104   3   0   490  489  1099 
1105   3   0   574  573  1096 
1106   3   0   916  753  1103 
1107   3   0   755  917  1101 
1108   3   0   918  752  1100 
1109   3   0   754  919  1102 
1110   3   0   797   70  1093 
1111   3   0   803  218  1092 
1112   3   0   636  856   928 
1113   3   0   637  857   929 
1114   3   0    44   43   924 
1115   3   0   184  183   925 
1116   3   0   133  132   926 
1117   3   0    95   94   927 
1118   3   0   573  572  1091 
1119   3   0   440  439  1089 
1120   3   0   489  488  1090 
1121   3   0   524  523  1088 
1122   3   0   948    4  1105 
1123   3   0   949   13  1104 
1124   3   0    97   96   930 
1125   3   0   186  185   931 
1126   3   0   573 1091  1096 
1127   3   0   489 1090  1099 
1128   3   0  1089  439  1098 
1129   3   0  1088  523  1097 
1130   3   0   700  916  1103 
1131   3   0   917  703  1101 
1132   3   0   709  918  1100 
1133   3   0   919  706  1102 
1134   3   0   525  524  1084 
1135   3   0   441  440  1086 
1136   3   0   572  571  1087 
1137   3   0   488  487  1085 
1138   3   0   951  855   981 
1139   3   0   950  852   980 
1140   3   0   934  615  1038 
1141   3   0   932  614  1039 
1142   3   0   395  609   936 
1143   3   0   315  608   937 
1144   3   0   856  396   936 
1145   3   0   857  316   937 
1146   3   0   722    8   932 
1147   3   0   723   18   934 
1148   3   0   442  441  1066 
1149   3   0   487  486  1065 
1150   3   0   526  525  1067 
1151   3   0   571  570  1064 
1152   3   0   762  952   970 
1153   3   0   761  953   971 
1154   3   0   954  760   969 
1155   3   0   955  763   968 
1156   3   0   928  856   997 
1157   3   0   929  857   996 
1158   3   0  1084  524  1088 
1159   3   0  1086  440  1089 
1160   3   0   488 1085  1090 
1161   3   0   572 1087  1091 
1162   3   0   638  159  1095 
1163   3   0   640  100  1094 
1164   3   0   854  956   982 
1165   3   0   853  957   983 
1166   3   0   249  248   938 
1167   3   0   190  189   939 
1168   3   0   131  130   940 
1169   3   0   127  126   941 
1170   3   0    42   41   942 
1171   3   0   245  244   943 
1172   3   0   570  569  1060 
1173   3   0   527  526  1062 
1174   3   0   443  442  1063 
1175   3   0   486  485  1061 
1176   3   0  1066  441  1086 
1177   3   0   487 1065  1085 
1178   3   0  1067  525  1084 
1179   3   0   571 1064  1087 
1180   3   0   444  443  1059 
1181   3   0   485  484  1058 
1182   3   0   569  568  1056 
1183   3   0   528  527  1057 
1184   3   0    24  614  1055 
1185   3   0    20  615  1054 
1186   3   0   125  124   945 
1187   3   0   251  250   944 
1188   3   0   192  191   946 
1189   3   0   243  242   947 
1190   3   0   276   20  1054 
1191   3   0   356   24  1055 
1192   3   0   570 1060  1064 
1193   3   0  1062  526  1067 
1194   3   0  1063  442  1066 
1195   3   0   486 1061  1065 
1196   3   0   357  356  1045 
1197   3   0   277  276  1044 
1198   3   0   964  761   978 
1199   3   0   760  963   977 
1200   3   0   763  962   976 
1201   3   0   965  762   979 
1202   3   0   529  528  1052 
1203   3   0   445  444  1053 
1204   3   0   484  483  1051 
1205   3   0   568  567  1050 
1206   3   0   354  353  1041 
1207   3   0   278  277  1043 
1208   3   0   358  357  1042 
1209   3   0   434  433  1040 
1210   3   0   200  751   952 
1211   3   0   259  748   953 
1212   3   0   750  116   954 
1213   3   0   749  234   955 
1214   3   0   771  168   950 
1215   3   0   770   79   951 
1216   3   0   433  432  1037 
1217   3   0   353  352  1035 
1218   3   0   279  278  1036 
1219   3   0   359  358  1034 
1220   3   0   530  529  1049 
1221   3   0   446  445  1048 
1222   3   0   483  482  1047 
1223   3   0   567  566  1046 
1224   3   0   420  419  1028 
1225   3   0   292  291  1027 
1226   3   0   372  371  1026 
1227   3   0   340  339  1029 
1228   3   0   280  279  1025 
1229   3   0   360  359  1024 
1230   3   0   352  351  1023 
1231   3   0   432  431  1022 
1232   3   0    59  769   956 
1233   3   0   148  768   957 
1234   3   0   232  747   962 
1235   3   0   114  746   963 
1236   3   0   745  261   964 
1237   3   0   744  202   965 
1238   3   0  1059  443  1063 
1239   3   0   485 1058  1061 
1240   3   0   569 1056  1060 
1241   3   0  1057  527  1062 
1242   3   0   853  715   998 
1243   3   0   854  714   999 
1244   3   0  1043  277  1044 
1245   3   0  1042  357  1045 
1246   3   0   421  420  1021 
1247   3   0   341  340  1020 
1248   3   0   291  290  1019 
1249   3   0   371  370  1018 
1250   3   0   713  852  1001 
1251   3   0   712  855  1000 
1252   3   0   361  360  1016 
1253   3   0   351  350  1015 
1254   3   0   281  280  1017 
1255   3   0   431  430  1014 
1256   3   0   447  446  1032 
1257   3   0   482  481  1030 
1258   3   0   566  565  1031 
1259   3   0   531  530  1033 
1260   3   0   342  341  1008 
1261   3   0   422  421  1009 
1262   3   0   370  369  1006 
1263   3   0   290  289  1007 
1264   3   0   362  361  1005 
1265   3   0   430  429  1002 
1266   3   0   350  349  1003 
1267   3   0   282  281  1004 
1268   3   0   433 1037  1040 
1269   3   0  1034  358  1042 
1270   3   0  1036  278  1043 
1271   3   0   353 1035  1041 
1272   3   0    17  217  1092 
1273   3   0     3   69  1093 
1274   3   0     7   99  1094 
1275   3   0    12  158  1095 
1276   3   0   423  422   995 
1277   3   0   289  288   994 
1278   3   0   343  342   992 
1279   3   0   369  368   993 
1280   3   0   363  362   990 
1281   3   0   283  282   991 
1282   3   0   349  348   989 
1283   3   0   429  428   988 
1284   3   0     1   60   999 
1285   3   0    10  149   998 
1286   3   0  1024  359  1034 
1287   3   0  1025  279  1036 
1288   3   0   352 1023  1035 
1289   3   0   432 1022  1037 
1290   3   0   614  932   933 
1291   3   0   615  934   935 
1292   3   0  1052  528  1057 
1293   3   0  1053  444  1059 
1294   3   0   484 1051  1058 
1295   3   0   568 1050  1056 
1296   3   0   424  423   986 
1297   3   0   344  343   985 
1298   3   0   288  287   987 
1299   3   0   368  367   984 
1300   3   0   448  447  1013 
1301   3   0   532  531  1011 
1302   3   0   565  564  1010 
1303   3   0   481  480  1012 
1304   3   0  1045  356  1055 
1305   3   0  1044  276  1054 
1306   3   0  1020  340  1029 
1307   3   0  1021  420  1028 
1308   3   0   291 1019  1027 
1309   3   0   371 1018  1026 
1310   3   0  1016  360  1024 
1311   3   0  1017  280  1025 
1312   3   0   351 1015  1023 
1313   3   0   431 1014  1022 
1314   3   0   284  283   979 
1315   3   0   348  347   977 
1316   3   0   364  363   978 
1317   3   0   428  427   976 
1318   3   0   367  366   972 
1319   3   0   425  424   975 
1320   3   0   287  286   973 
1321   3   0   345  344   974 
1322   3   0   366  365   971 
1323   3   0   286  285   970 
1324   3   0   346  345   969 
1325   3   0   426  425   968 
1326   3   0  1008  341  1020 
1327   3   0   370 1006  1018 
1328   3   0  1009  421  1021 
1329   3   0   290 1007  1019 
1330   3   0   430 1002  1014 
1331   3   0   350 1003  1015 
1332   3   0  1005  361  1016 
1333   3   0  1004  281  1017 
1334   3   0   480  479   983 
1335   3   0   564  563   982 
1336   3   0   449  448   980 
1337   3   0   533  532   981 
1338   3   0   289  994  1007 
1339   3   0   369  993  1006 
1340   3   0   995  422  1009 
1341   3   0   992  342  1008 
1342   3   0   991  282  1004 
1343   3   0   990  362  1005 
1344   3   0   349  989  1003 
1345   3   0   429  988  1002 
1346   3   0   483 1047  1051 
1347   3   0  1048  445  1053 
1348   3   0  1049  529  1052 
1349   3   0   567 1046  1050 
1350   3   0   985  343   992 
1351   3   0   986  423   995 
1352   3   0   368  984   993 
1353   3   0   288  987   994 
1354   3   0   876  749   975 
1355   3   0   751  874   973 
1356   3   0   748  872   972 
1357   3   0   877  750   974 
1358   3   0    78    4  1000 
1359   3   0   167   13  1001 
1360   3   0   975  424   986 
1361   3   0   367  972   984 
1362   3   0   287  973   987 
1363   3   0   974  344   985 
1364   3   0   742  877   985 
1365   3   0   740  876   986 
1366   3   0   872  743   984 
1367   3   0   874  741   987 
1368   3   0   876  975   986 
1369   3   0   973  874   987 
1370   3   0   972  872   984 
1371   3   0   877  974   985 
1372   3   0   218   17  1092 
1373   3   0    70    3  1093 
1374   3   0   880  744   991 
1375   3   0   882  745   990 
1376   3   0   746  878   989 
1377   3   0   747  879   988 
1378   3   0   435  434  1038 
1379   3   0   355  354  1039 
1380   3   0   741  870   994 
1381   3   0   743  871   993 
1382   3   0   873  740   995 
1383   3   0   875  742   992 
1384   3   0   566 1031  1046 
1385   3   0  1032  446  1048 
1386   3   0   482 1030  1047 
1387   3   0  1033  530  1049 
1388   3   0   742  985   992 
1389   3   0   984  743   993 
1390   3   0   740  986   995 
1391   3   0   987  741   994 
1392   3   0   159   12  1095 
1393   3   0   100    7  1094 
1394   3   0   428  976   988 
1395   3   0   348  977   989 
1396   3   0   979  283   991 
1397   3   0   978  363   990 
1398   3   0   879  738  1002 
1399   3   0   737  880  1004 
1400   3   0   878  739  1003 
1401   3   0   736  882  1005 
1402   3   0   871  734  1006 
1403   3   0   870  735  1007 
1404   3   0   732  875  1008 
1405   3   0   733  873  1009 
1406   3   0   880  991  1004 
1407   3   0   989  878  1003 
1408   3   0   882  990  1005 
1409   3   0   988  879  1002 
1410   3   0   994  870  1007 
1411   3   0   993  871  1006 
1412   3   0   873  995  1009 
1413   3   0   875  992  1008 
1414   3   0   749  968   975 
1415   3   0   750  969   974 
1416   3   0   970  751   973 
1417   3   0   971  748   972 
1418   3   0   738  885  1014 
1419   3   0   739  884  1015 
1420   3   0   881  736  1016 
1421   3   0   883  737  1017 
1422   3   0   866  732  1020 
1423   3   0   734  869  1018 
1424   3   0   867  733  1021 
1425   3   0   735  868  1019 
1426   3   0  1002  738  1014 
1427   3   0  1003  739  1015 
1428   3   0   736 1005  1016 
1429   3   0   737 1004  1017 
1430   3   0  1006  734  1018 
1431   3   0   732 1008  1020 
1432   3   0   733 1009  1021 
1433   3   0  1007  735  1019 
1434   3   0   729  883  1025 
1435   3   0   728  881  1024 
1436   3   0   884  731  1023 
1437   3   0   885  730  1022 
1438   3   0   724  867  1028 
1439   3   0   868  726  1027 
1440   3   0   869  727  1026 
1441   3   0   725  866  1029 
1442   3   0   976  747   988 
1443   3   0   977  746   989 
1444   3   0   744  979   991 
1445   3   0   745  978   990 
1446   3   0   881 1016  1024 
1447   3   0   883 1017  1025 
1448   3   0  1014  885  1022 
1449   3   0  1015  884  1023 
1450   3   0   968  425   975 
1451   3   0   969  345   974 
1452   3   0   286  970   973 
1453   3   0   366  971   972 
1454   3   0   866 1020  1029 
1455   3   0  1019  868  1027 
1456   3   0   867 1021  1028 
1457   3   0  1018  869  1026 
1458   3   0   889  728  1034 
1459   3   0   888  729  1036 
1460   3   0   731  887  1035 
1461   3   0   730  886  1037 
1462   3   0   481 1012  1030 
1463   3   0  1013  447  1032 
1464   3   0  1011  531  1033 
1465   3   0   565 1010  1031 
1466   3   0     8  107  1106 
1467   3   0    18  225  1107 
1468   3   0   772  721  1044 
1469   3   0   773  720  1045 
1470   3   0   728 1024  1034 
1471   3   0  1023  731  1035 
1472   3   0   729 1025  1036 
1473   3   0  1022  730  1037 
1474   3   0   886  723  1040 
1475   3   0   887  722  1041 
1476   3   0   721  888  1043 
1477   3   0   720  889  1042 
1478   3   0   493   32  1100 
1479   3   0    34  561  1102 
1480   3   0    28  477  1101 
1481   3   0   577   38  1103 
1482   3   0   633  634  1104 
1483   3   0   631  632  1105 
1484   3   0  1037  886  1040 
1485   3   0   888 1036  1043 
1486   3   0   889 1034  1042 
1487   3   0  1035  887  1041 
1488   3   0   769  911  1010 
1489   3   0   912  770  1011 
1490   3   0   768  913  1012 
1491   3   0   910  771  1013 
1492   3   0   721 1043  1044 
1493   3   0   720 1042  1045 
1494   3   0  1068  598  1076 
1495   3   0   858  628  1069 
1496   3   0   599  598  1068 
1497   3   0    31  519  1082 
1498   3   0   602  601  1080 
1499   3   0   518  517  1079 
1500   3   0   629  860  1070 
1501   3   0   512   33  1073 
1502   3   0   596   39  1074 
1503   3   0   514  513  1075 
1504   3   0   452  451  1072 
1505   3   0   542  541  1081 
1506   3   0   598  597  1076 
1507   3   0   458  457  1077 
1508   3   0   517  516  1078 
1509   3   0   536  535  1071 
1510   3   0   517 1078  1079 
1511   3   0    37  603  1083 
1512   3   0   913  765  1030 
1513   3   0   767  910  1032 
1514   3   0   911  764  1031 
1515   3   0   766  912  1033 
1516   3   0   912 1011  1033 
1517   3   0  1012  913  1030 
1518   3   0   910 1013  1032 
1519   3   0  1010  911  1031 
1520   3   0   982  769  1010 
1521   3   0   983  768  1012 
1522   3   0   771  980  1013 
1523   3   0   770  981  1011 
1524   3   0   764  904  1046 
1525   3   0   765  906  1047 
1526   3   0   907  767  1048 
1527   3   0   909  766  1049 
1528   3   0  1031  764  1046 
1529   3   0  1030  765  1047 
1530   3   0   767 1032  1048 
1531   3   0   766 1033  1049 
1532   3   0   756  909  1052 
1533   3   0   906  758  1051 
1534   3   0   757  907  1053 
1535   3   0   904  759  1050 
1536   3   0   564  982  1010 
1537   3   0   480  983  1012 
1538   3   0   980  448  1013 
1539   3   0   981  532  1011 
1540   3   0  1047  906  1051 
1541   3   0   907 1048  1053 
1542   3   0  1046  904  1050 
1543   3   0   909 1049  1052 
1544   3   0   758  905  1058 
1545   3   0   902  757  1059 
1546   3   0   901  756  1057 
1547   3   0   759  908  1056 
1548   3   0   966  797  1093 
1549   3   0   967  803  1092 
1550   3   0   908  719  1060 
1551   3   0   717  902  1063 
1552   3   0   905  718  1061 
1553   3   0   716  901  1062 
1554   3   0   756 1052  1057 
1555   3   0   757 1053  1059 
1556   3   0  1051  758  1058 
1557   3   0  1050  759  1056 
1558   3   0   719  898  1064 
1559   3   0   900  716  1067 
1560   3   0   896  717  1066 
1561   3   0   718  903  1065 
1562   3   0  1058  905  1061 
1563   3   0   902 1059  1063 
1564   3   0  1056  908  1060 
1565   3   0   901 1057  1062 
1566   3   0   688  900  1084 
1567   3   0   689  896  1086 
1568   3   0   903  691  1085 
1569   3   0   898  690  1087 
1570   3   0   894  689  1089 
1571   3   0   691  897  1090 
1572   3   0   899  688  1088 
1573   3   0   690  895  1091 
1574   3   0  1060  719  1064 
1575   3   0   716 1062  1067 
1576   3   0   717 1063  1066 
1577   3   0  1061  718  1065 
1578   3   0   895  678  1096 
1579   3   0   676  899  1097 
1580   3   0   897  679  1099 
1581   3   0   677  894  1098 
1582   3   0   958  638  1095 
1583   3   0   959  640  1094 
1584   3   0   773 1045  1055 
1585   3   0   772 1044  1054 
1586   3   0   896 1066  1086 
1587   3   0  1065  903  1085 
1588   3   0  1064  898  1087 
1589   3   0   900 1067  1084 
1590   3   0   688 1084  1088 
1591   3   0   689 1086  1089 
1592   3   0  1085  691  1090 
1593   3   0  1087  690  1091 
1594   3   0  1091  895  1096 
1595   3   0  1090  897  1099 
1596   3   0   894 1089  1098 
1597   3   0   899 1088  1097 
1598   3   0   632  948  1105 
1599   3   0   634  949  1104 
1600   3   0   722  932  1039 
1601   3   0   723  934  1038 
1602   3   0   623  929   996 
1603   3   0   621  928   997 
1604   3   0   749  955   968 
1605   3   0   750  954   969 
1606   3   0   952  751   970 
1607   3   0   953  748   971 
1608   3   0   771  950   980 
1609   3   0   770  951   981 
1610   3   0   956  769   982 
1611   3   0   957  768   983 
1612   3   0   962  747   976 
1613   3   0   963  746   977 
1614   3   0   744  965   979 
1615   3   0   745  964   978 
1616   3   0    99  959  1094 
1617   3   0   158  958  1095 
1618   3   0    69  966  1093 
1619   3   0   217  967  1092 
