   0  -2.4641  -0.1000    -1    -1 
   1  -2.4641   0.1000     0     0 
   2  -1.5944   0.1000     0     0 
   3  -2.1414   2.1414     0     0 
   4  -0.1000   1.5944     0     0 
   5  -0.1000   2.4641     0     0 
   6   0.1000   2.4641     0     0 
   7   0.1000   1.5944     0     0 
   8   2.1414   2.1414     0     0 
   9   1.5944   0.1000     0     0 
  10   2.4641   0.1000     0     0 
  11   2.4641  -0.1000    -1    -1 
  12   1.5944  -0.1000    -1    -1 
  13   1.3606  -0.0000     0     0 
  14   1.8139   1.6919     0     0 
  15   1.6264   1.7964     0     0 
  16   0.1000   1.3874     0     0 
  17  -0.1000   1.3874     0     0 
  18  -1.6264   1.7964     0     0 
  19  -1.8139   1.6919     0     0 
  20  -1.3606  -0.0000     0     0 
  21  -1.5944  -0.1000    -1    -1 
  22  -2.4641  -0.0000     0     0 
  23  -2.3675   0.1000     0     0 
  24  -2.2708   0.1000     0     0 
  25  -2.1742   0.1000     0     0 
  26  -2.0776   0.1000     0     0 
  27  -1.9809   0.1000     0     0 
  28  -1.8843   0.1000     0     0 
  29  -1.7877   0.1000     0     0 
  30  -1.6911   0.1000     0     0 
  31  -1.6193   0.1928     0     0 
  32  -1.6442   0.2856     0     0 
  33  -1.6690   0.3784     0     0 
  34  -1.6939   0.4712     0     0 
  35  -1.7187   0.5640     0     0 
  36  -1.7436   0.6568     0     0 
  37  -1.7685   0.7495     0     0 
  38  -1.7933   0.8423     0     0 
  39  -1.8182   0.9351     0     0 
  40  -1.8431   1.0279     0     0 
  41  -1.8679   1.1207     0     0 
  42  -1.8928   1.2135     0     0 
  43  -1.9176   1.3063     0     0 
  44  -1.9425   1.3991     0     0 
  45  -1.9674   1.4919     0     0 
  46  -1.9922   1.5847     0     0 
  47  -2.0171   1.6775     0     0 
  48  -2.0420   1.7703     0     0 
  49  -2.0668   1.8630     0     0 
  50  -2.0917   1.9558     0     0 
  51  -2.1166   2.0486     0     0 
  52  -2.0486   2.1166     0     0 
  53  -1.9558   2.0917     0     0 
  54  -1.8630   2.0668     0     0 
  55  -1.7703   2.0420     0     0 
  56  -1.6775   2.0171     0     0 
  57  -1.5847   1.9922     0     0 
  58  -1.4919   1.9674     0     0 
  59  -1.3991   1.9425     0     0 
  60  -1.3063   1.9176     0     0 
  61  -1.2135   1.8928     0     0 
  62  -1.1207   1.8679     0     0 
  63  -1.0279   1.8431     0     0 
  64  -0.9351   1.8182     0     0 
  65  -0.8423   1.7933     0     0 
  66  -0.7495   1.7685     0     0 
  67  -0.6568   1.7436     0     0 
  68  -0.5640   1.7187     0     0 
  69  -0.4712   1.6939     0     0 
  70  -0.3784   1.6690     0     0 
  71  -0.2856   1.6442     0     0 
  72  -0.1928   1.6193     0     0 
  73  -0.1000   1.6911     0     0 
  74  -0.1000   1.7877     0     0 
  75  -0.1000   1.8843     0     0 
  76  -0.1000   1.9809     0     0 
  77  -0.1000   2.0776     0     0 
  78  -0.1000   2.1742     0     0 
  79  -0.1000   2.2708     0     0 
  80  -0.1000   2.3675     0     0 
  81  -0.0000   2.4641     0     0 
  82   0.1000   2.3675     0     0 
  83   0.1000   2.2708     0     0 
  84   0.1000   2.1742     0     0 
  85   0.1000   2.0776     0     0 
  86   0.1000   1.9809     0     0 
  87   0.1000   1.8843     0     0 
  88   0.1000   1.7877     0     0 
  89   0.1000   1.6911     0     0 
  90   0.1928   1.6193     0     0 
  91   0.2856   1.6442     0     0 
  92   0.3784   1.6690     0     0 
  93   0.4712   1.6939     0     0 
  94   0.5640   1.7187     0     0 
  95   0.6568   1.7436     0     0 
  96   0.7495   1.7685     0     0 
  97   0.8423   1.7933     0     0 
  98   0.9351   1.8182     0     0 
  99   1.0279   1.8431     0     0 
 100   1.1207   1.8679     0     0 
 101   1.2135   1.8928     0     0 
 102   1.3063   1.9176     0     0 
 103   1.3991   1.9425     0     0 
 104   1.4919   1.9674     0     0 
 105   1.5847   1.9922     0     0 
 106   1.6775   2.0171     0     0 
 107   1.7703   2.0420     0     0 
 108   1.8630   2.0668     0     0 
 109   1.9558   2.0917     0     0 
 110   2.0486   2.1166     0     0 
 111   2.1166   2.0486     0     0 
 112   2.0917   1.9558     0     0 
 113   2.0668   1.8630     0     0 
 114   2.0420   1.7703     0     0 
 115   2.0171   1.6775     0     0 
 116   1.9922   1.5847     0     0 
 117   1.9674   1.4919     0     0 
 118   1.9425   1.3991     0     0 
 119   1.9176   1.3063     0     0 
 120   1.8928   1.2135     0     0 
 121   1.8679   1.1207     0     0 
 122   1.8431   1.0279     0     0 
 123   1.8182   0.9351     0     0 
 124   1.7933   0.8423     0     0 
 125   1.7685   0.7495     0     0 
 126   1.7436   0.6568     0     0 
 127   1.7187   0.5640     0     0 
 128   1.6939   0.4712     0     0 
 129   1.6690   0.3784     0     0 
 130   1.6442   0.2856     0     0 
 131   1.6193   0.1928     0     0 
 132   1.6911   0.1000     0     0 
 133   1.7877   0.1000     0     0 
 134   1.8843   0.1000     0     0 
 135   1.9809   0.1000     0     0 
 136   2.0776   0.1000     0     0 
 137   2.1742   0.1000     0     0 
 138   2.2708   0.1000     0     0 
 139   2.3675   0.1000     0     0 
 140   2.4641   0.0000     0     0 
 141   2.3675  -0.1000    -1    -1 
 142   2.2708  -0.1000    -1    -1 
 143   2.1742  -0.1000    -1    -1 
 144   2.0776  -0.1000    -1    -1 
 145   1.9809  -0.1000    -1    -1 
 146   1.8843  -0.1000    -1    -1 
 147   1.7877  -0.1000    -1    -1 
 148   1.6911  -0.1000    -1    -1 
 149   1.5165  -0.0667     0     0 
 150   1.4385  -0.0333     0     0 
 151   1.3858   0.0940     0     0 
 152   1.4109   0.1880     0     0 
 153   1.4361   0.2820     0     0 
 154   1.4613   0.3760     0     0 
 155   1.4865   0.4700     0     0 
 156   1.5117   0.5640     0     0 
 157   1.5369   0.6580     0     0 
 158   1.5621   0.7520     0     0 
 159   1.5872   0.8459     0     0 
 160   1.6124   0.9399     0     0 
 161   1.6376   1.0339     0     0 
 162   1.6628   1.1279     0     0 
 163   1.6880   1.2219     0     0 
 164   1.7132   1.3159     0     0 
 165   1.7384   1.4099     0     0 
 166   1.7635   1.5039     0     0 
 167   1.7887   1.5979     0     0 
 168   1.7514   1.7267     0     0 
 169   1.6889   1.7615     0     0 
 170   1.5310   1.7708     0     0 
 171   1.4356   1.7452     0     0 
 172   1.3402   1.7197     0     0 
 173   1.2448   1.6941     0     0 
 174   1.1494   1.6686     0     0 
 175   1.0540   1.6430     0     0 
 176   0.9586   1.6174     0     0 
 177   0.8632   1.5919     0     0 
 178   0.7678   1.5663     0     0 
 179   0.6724   1.5407     0     0 
 180   0.5770   1.5152     0     0 
 181   0.4816   1.4896     0     0 
 182   0.3862   1.4641     0     0 
 183   0.2908   1.4385     0     0 
 184   0.1954   1.4129     0     0 
 185   0.0000   1.3874     0     0 
 186  -0.1954   1.4129     0     0 
 187  -0.2908   1.4385     0     0 
 188  -0.3862   1.4641     0     0 
 189  -0.4816   1.4896     0     0 
 190  -0.5770   1.5152     0     0 
 191  -0.6724   1.5407     0     0 
 192  -0.7678   1.5663     0     0 
 193  -0.8632   1.5919     0     0 
 194  -0.9586   1.6174     0     0 
 195  -1.0540   1.6430     0     0 
 196  -1.1494   1.6686     0     0 
 197  -1.2448   1.6941     0     0 
 198  -1.3402   1.7197     0     0 
 199  -1.4356   1.7452     0     0 
 200  -1.5310   1.7708     0     0 
 201  -1.6889   1.7615     0     0 
 202  -1.7514   1.7267     0     0 
 203  -1.7887   1.5979     0     0 
 204  -1.7635   1.5039     0     0 
 205  -1.7384   1.4099     0     0 
 206  -1.7132   1.3159     0     0 
 207  -1.6880   1.2219     0     0 
 208  -1.6628   1.1279     0     0 
 209  -1.6376   1.0339     0     0 
 210  -1.6124   0.9399     0     0 
 211  -1.5872   0.8459     0     0 
 212  -1.5621   0.7520     0     0 
 213  -1.5369   0.6580     0     0 
 214  -1.5117   0.5640     0     0 
 215  -1.4865   0.4700     0     0 
 216  -1.4613   0.3760     0     0 
 217  -1.4361   0.2820     0     0 
 218  -1.4109   0.1880     0     0 
 219  -1.3858   0.0940     0     0 
 220  -1.4385  -0.0333     0     0 
 221  -1.5165  -0.0667     0     0 
 222  -1.6911  -0.1000    -1    -1 
 223  -1.7877  -0.1000    -1    -1 
 224  -1.8843  -0.1000    -1    -1 
 225  -1.9809  -0.1000    -1    -1 
 226  -2.0776  -0.1000    -1    -1 
 227  -2.1742  -0.1000    -1    -1 
 228  -2.2708  -0.1000    -1    -1 
 229  -2.3675  -0.1000    -1    -1 
 230   1.8130   1.7658     0     0 
 231  -1.8130   1.7658     0     0 
 232  -1.8382   1.9740     0     0 
 233   1.8382   1.9740     0     0 
 234  -1.6804   1.8347     0     0 
 235   1.6796   1.8348     0     0 
 236   1.9726   1.8483     0     0 
 237  -1.9726   1.8483     0     0 
 238   1.8812   1.7259     0     0 
 239  -1.8812   1.7259     0     0 
 240   1.8714   1.6436     0     0 
 241  -1.8714   1.6436     0     0 
 242  -1.5643   1.9084     0     0 
 243   1.5630   1.9079     0     0 
 244   1.6361   0.0249     0     0 
 245  -1.6462  -0.0285     0     0 
 246  -0.0545   1.4619     0     0 
 247  -1.4968   0.0022     0     0 
 248   1.5104   0.0070     0     0 
 249  -0.0274   1.6441     0     0 
 250  -0.0019   1.8360     0     0 
 251  -1.8360  -0.0019     0     0 
 252   1.8360   0.0019     0     0 
 253  -2.3192   0.0163     0     0 
 254   0.0163   2.3192     0     0 
 255   2.3192  -0.0163     0     0 
 256  -2.1259   0.0056     0     0 
 257   0.0056   2.1259     0     0 
 258   2.1259  -0.0056     0     0 
 259  -1.8654   1.5509     0     0 
 260   1.8654   1.5509     0     0 
 261   1.3833   1.8575     0     0 
 262  -1.3780   1.8598     0     0 
 263   1.1886   1.8000     0     0 
 264  -1.1886   1.8000     0     0 
 265   1.0031   1.7503     0     0 
 266  -1.0031   1.7503     0     0 
 267   1.8845   1.8043     0     0 
 268   1.8093   1.8407     0     0 
 269  -1.8845   1.8043     0     0 
 270  -1.8107   1.8398     0     0 
 271  -1.5388   0.1659     0     0 
 272   1.5388   0.1659     0     0 
 273  -1.5762   0.3535     0     0 
 274   1.5762   0.3535     0     0 
 275   1.8520   1.3735     0     0 
 276  -1.8520   1.3735     0     0 
 277  -1.6259   0.5391     0     0 
 278   1.6259   0.5391     0     0 
 279   0.8175   1.7005     0     0 
 280  -0.8175   1.7005     0     0 
 281  -1.8000   1.1886     0     0 
 282   1.8000   1.1886     0     0 
 283   1.6803   0.7218     0     0 
 284  -1.6803   0.7218     0     0 
 285  -1.7556   1.0032     0     0 
 286   1.7556   1.0032     0     0 
 287   0.6319   1.6508     0     0 
 288  -0.6319   1.6508     0     0 
 289  -1.6795   0.8721     0     0 
 290   1.6795   0.8721     0     0 
 291   0.4465   1.6067     0     0 
 292  -0.4465   1.6067     0     0 
 293  -0.1655   1.5358     0     0 
 294   0.1651   1.5310     0     0 
 295   0.0778   1.4998     0     0 
 296  -0.3166   1.5311     0     0 
 297   0.3166   1.5311     0     0 
 298  -0.0026   2.0293     0     0 
 299   2.0293   0.0026     0     0 
 300  -2.0293  -0.0026     0     0 
 301  -1.9326  -0.0007     0     0 
 302  -0.0007   1.9326     0     0 
 303   1.9326   0.0007     0     0 
 304  -0.0039   2.2225     0     0 
 305   2.2225   0.0039     0     0 
 306  -2.2225  -0.0039     0     0 
 307  -1.7261   0.0026     0     0 
 308   0.0032   1.7258     0     0 
 309   1.7246  -0.0036     0     0 
 310   1.8747   1.8886     0     0 
 311   1.9573   1.9350     0     0 
 312  -1.8747   1.8886     0     0 
 313  -1.9573   1.9350     0     0 
 314   1.6582   1.9180     0     0 
 315   1.7484   1.9546     0     0 
 316  -1.6598   1.9187     0     0 
 317  -1.7483   1.9528     0     0 
 318   1.4793   1.8840     0     0 
 319  -1.4812   1.8699     0     0 
 320  -2.0181   2.0117     0     0 
 321   2.0181   2.0117     0     0 
 322   1.6508   0.6319     0     0 
 323  -1.8272   1.2808     0     0 
 324   1.7751   1.0958     0     0 
 325   1.6011   0.4463     0     0 
 326  -1.7751   1.0958     0     0 
 327   1.8272   1.2808     0     0 
 328   1.5542   0.2600     0     0 
 329  -1.6508   0.6319     0     0 
 330  -1.6011   0.4463     0     0 
 331  -1.5542   0.2600     0     0 
 332   1.2936   1.8188     0     0 
 333  -1.0958   1.7751     0     0 
 334  -1.2929   1.8191     0     0 
 335   1.0958   1.7751     0     0 
 336  -0.7247   1.6757     0     0 
 337  -0.9103   1.7254     0     0 
 338   0.7247   1.6757     0     0 
 339   0.9103   1.7254     0     0 
 340  -0.5391   1.6259     0     0 
 341   0.5391   1.6259     0     0 
 342  -1.8751   1.4650     0     0 
 343   1.8751   1.4650     0     0 
 344   1.7479   1.7987     0     0 
 345  -1.7483   1.7986     0     0 
 346   1.9585   1.7547     0     0 
 347  -1.9585   1.7547     0     0 
 348  -1.9234   2.0065     0     0 
 349   1.9234   2.0065     0     0 
 350  -0.0039   1.5523     0     0 
 351   1.5794  -0.0253     0     0 
 352  -1.6192   1.8616     0     0 
 353   1.6185   1.8612     0     0 
 354   1.4595   0.1246     0     0 
 355  -1.4595   0.1246     0     0 
 356   1.7456   0.9250     0     0 
 357  -1.7456   0.9250     0     0 
 358   1.9422   1.6702     0     0 
 359  -1.9422   1.6702     0     0 
 360  -1.7421   1.8762     0     0 
 361   1.7408   1.8767     0     0 
 362  -1.4440   0.0460     0     0 
 363   1.4389   0.0420     0     0 
 364   1.8023   1.9069     0     0 
 365   0.2378   1.5615     0     0 
 366  -0.2379   1.5625     0     0 
 367  -2.4048  -0.0280     0     0 
 368  -0.0280   2.4048     0     0 
 369   2.4048   0.0280     0     0 
 370  -1.7107   0.7943     0     0 
 371   1.7107   0.7943     0     0 
 372  -1.5734   0.0063     0     0 
 373  -0.3685   1.5968     0     0 
 374   0.3685   1.5968     0     0 
 375  -1.8028   1.9063     0     0 
 376  -0.1337   1.4640     0     0 
 377  -1.6855   0.9728     0     0 
 378   1.6855   0.9728     0     0 
 379   1.7071   1.0647     0     0 
 380  -1.7071   1.0647     0     0 
 381  -1.5644   1.8414     0     0 
 382  -1.6350   0.7827     0     0 
 383   1.6350   0.7827     0     0 
 384   1.7317   1.1581     0     0 
 385  -1.7317   1.1581     0     0 
 386  -1.5192   0.0782     0     0 
 387   1.5196   0.0823     0     0 
 388   0.2263   1.4856     0     0 
 389  -0.2261   1.4865     0     0 
 390   1.5482   1.8376     0     0 
 391  -1.6081   0.6921     0     0 
 392   1.6081   0.6921     0     0 
 393   1.7571   1.2513     0     0 
 394  -1.7571   1.2513     0     0 
 395  -1.5821   0.5987     0     0 
 396   1.5821   0.5987     0     0 
 397   1.7826   1.3444     0     0 
 398  -1.7826   1.3444     0     0 
 399  -0.4166   1.5372     0     0 
 400   0.4166   1.5372     0     0 
 401   0.1448   1.4611     0     0 
 402   1.8050   1.4270     0     0 
 403  -1.8050   1.4270     0     0 
 404  -1.5570   0.5054     0     0 
 405   1.5570   0.5054     0     0 
 406  -1.5321   0.4121     0     0 
 407   1.5321   0.4121     0     0 
 408  -0.5093   1.5597     0     0 
 409   0.5093   1.5597     0     0 
 410  -1.5076   0.3187     0     0 
 411   1.5076   0.3187     0     0 
 412   1.6444  -0.0440     0     0 
 413   1.9277   1.5882     0     0 
 414  -1.9277   1.5882     0     0 
 415  -1.4849   0.2247     0     0 
 416   1.4849   0.2247     0     0 
 417  -0.6037   1.5838     0     0 
 418   0.6037   1.5838     0     0 
 419   2.0271   1.9228     0     0 
 420  -2.0271   1.9228     0     0 
 421  -0.6976   1.6089     0     0 
 422   0.6976   1.6089     0     0 
 423  -0.7914   1.6342     0     0 
 424   0.7914   1.6342     0     0 
 425  -1.4372   1.8131     0     0 
 426  -1.6452   0.0397     0     0 
 427  -0.8852   1.6595     0     0 
 428   0.8852   1.6595     0     0 
 429  -0.9790   1.6847     0     0 
 430   0.9790   1.6847     0     0 
 431   0.0194   1.4562     0     0 
 432   1.5680   0.0378     0     0 
 433  -1.0728   1.7100     0     0 
 434   1.0728   1.7100     0     0 
 435   1.4588   1.8125     0     0 
 436  -0.0934   1.5225     0     0 
 437  -1.1666   1.7353     0     0 
 438   1.1666   1.7353     0     0 
 439  -1.8972   1.9487     0     0 
 440   1.8972   1.9487     0     0 
 441  -2.4078   0.0421     0     0 
 442   0.0421   2.4078     0     0 
 443   2.4078  -0.0421     0     0 
 444  -1.2477   1.7611     0     0 
 445   1.2481   1.7637     0     0 
 446  -1.3763   1.7881     0     0 
 447   1.3788   1.7855     0     0 
 448   0.0429   1.6421     0     0 
