   0   3   0   460  390   492 
   1   3   0   385   87   473 
   2   3   0   343  238   437 
   3   3   0    83  460   492 
   4   3   0   300  297   461 
   5   3   0   461  297   462 
   6   3   0   301  296   469 
   7   3   0   469  296   470 
   8   3   0   382  331   432 
   9   3   0   298   86   467 
  10   3   0    86  298   468 
  11   3   0    91  297   465 
  12   3   0   296   99   470 
  13   3   0   297   91   462 
  14   3   0    99  296   471 
  15   3   0   320  253   464 
  16   3   0   253  320   466 
  17   3   0   301   86   468 
  18   3   0    86  301   469 
  19   3   0   299   99   471 
  20   3   0    99  299   472 
  21   3   0   362  385   473 
  22   3   0   430  466   505 
  23   3   0   463  321   503 
  24   3   0   467  100   504 
  25   3   0   466  320   505 
  26   3   0   298  467   504 
  27   3   0   268  463   503 
  28   3   0   275  310   311 
  29   3   0   101  302   384 
  30   3   0   475  299   483 
  31   3   0   472  299   475 
  32   3   0   303   84   389 
  33   3   0   362  360   385 
  34   3   0   352  350   387 
  35   3   0   346  105   348 
  36   3   0   343  437   479 
  37   3   0   361  497   506 
  38   3   0   497  223   506 
  39   3   0   242  477   495 
  40   3   0   432  331   478 
  41   3   0   238  343   477 
  42   3   0   387  350   493 
  43   3   0   385  360   494 
  44   3   0   310  275   486 
  45   3   0   302  101   487 
  46   3   0    23   24   356 
  47   3   0    40   41   337 
  48   3   0   477  342   495 
  49   3   0   331  382   480 
  50   3   0   303  389   484 
  51   3   0   348  105   488 
  52   3   0   348   93   349 
  53   3   0   357   98   359 
  54   3   0    81  307   491 
  55   3   0   295  327   492 
  56   3   0    23  356   501 
  57   3   0   337   41   498 
  58   3   0   349   93   350 
  59   3   0   359   98   360 
  60   3   0   473   87   481 
  61   3   0    84  303   482 
  62   3   0   305  390   460 
  63   3   0    97  338   495 
  64   3   0   105  346   474 
  65   3   0   275  311   480 
  66   3   0   384  302   481 
  67   3   0   315   81   491 
  68   3   0   327   83   492 
  69   3   0   334  294   509 
  70   3   0   307   81   486 
  71   3   0   327  295   487 
  72   3   0   224  241   351 
  73   3   0   342   97   495 
  74   3   0   294  334   483 
  75   3   0   359  360   361 
  76   3   0   237  351   352 
  77   3   0   237  352   353 
  78   3   0   241  349   351 
  79   3   0   237  224   351 
  80   3   0   349  350   351 
  81   3   0   331  332   478 
  82   3   0   361  360   362 
  83   3   0   353  252   409 
  84   3   0    93  348   488 
  85   3   0   338   97   489 
  86   3   0    98  357   490 
  87   3   0   484  102   512 
  88   3   0   237  353   409 
  89   3   0   303  252   353 
  90   3   0   351  350   352 
  91   3   0   241  347   349 
  92   3   0   347  241   426 
  93   3   0   345  347   426 
  94   3   0   308  345   426 
  95   3   0   308   96   345 
  96   3   0    57   96   457 
  97   3   0    96  308   457 
  98   3   0    73   89   311 
  99   3   0   110  108   309 
 100   3   0   108   53   309 
 101   3   0   277  404   412 
 102   3   0   200  429   446 
 103   3   0    51   52    80 
 104   3   0    70   71    81 
 105   3   0   309   88   452 
 106   3   0   335   92   339 
 107   3   0   404  274   412 
 108   3   0   213  278   322 
 109   3   0   452   88   454 
 110   3   0    43   44   335 
 111   3   0   322  278   333 
 112   3   0    51   80   313 
 113   3   0    70   81   315 
 114   3   0   175  312   333 
 115   3   0   103   50   313 
 116   3   0   102   69   315 
 117   3   0   186  316   375 
 118   3   0   317   15   326 
 119   3   0    44   92   335 
 120   3   0   319  317   326 
 121   3   0   112  114   425 
 122   3   0    80  108   109 
 123   3   0    72   73   311 
 124   3   0    69   70   315 
 125   3   0    50   51   313 
 126   3   0   277  306   404 
 127   3   0   175  333   394 
 128   3   0    32   33    83 
 129   3   0    13   14    82 
 130   3   0   341  342   343 
 131   3   0   314  313   364 
 132   3   0   341   97   342 
 133   3   0    38   97   341 
 134   3   0   153  155   379 
 135   3   0   325  244   403 
 136   3   0   330   75   363 
 137   3   0    42   43   104 
 138   3   0   310   72   311 
 139   3   0   312  175   379 
 140   3   0   316  373   375 
 141   3   0   332  330   363 
 142   3   0    54   88   309 
 143   3   0    61   62   105 
 144   3   0   244  323   329 
 145   3   0    32   83   327 
 146   3   0   229  366   380 
 147   3   0    13   82   328 
 148   3   0   229  371   422 
 149   3   0   366  325   380 
 150   3   0   274  316   412 
 151   3   0    80  109   364 
 152   3   0   101   31   327 
 153   3   0   445  263   447 
 154   3   0    80   52   108 
 155   3   0   333  278   394 
 156   3   0   100   12   328 
 157   3   0   323  244   325 
 158   3   0   287  454   456 
 159   3   0   103  313   314 
 160   3   0   265  441   442 
 161   3   0   365  436   439 
 162   3   0   364  112   425 
 163   3   0   323  247   329 
 164   3   0   380  325   403 
 165   3   0   369  251   413 
 166   3   0    54   55    88 
 167   3   0   347  348   349 
 168   3   0   104   43   335 
 169   3   0   373  140   375 
 170   3   0    78  106   334 
 171   3   0   147  140   373 
 172   3   0   175  153   379 
 173   3   0    31   32   327 
 174   3   0    12   13   328 
 175   3   0    73   74    89 
 176   3   0    96  344   345 
 177   3   0   264  322   333 
 178   3   0   366  229   422 
 179   3   0    52   53   108 
 180   3   0    89  330   331 
 181   3   0   312  264   333 
 182   3   0   354  107   355 
 183   3   0   347  346   348 
 184   3   0   345  346   347 
 185   3   0    89   74   330 
 186   3   0   314  364   425 
 187   3   0   109  112   364 
 188   3   0    21  107   354 
 189   3   0    82  321   328 
 190   3   0    53   54   309 
 191   3   0    96   58   344 
 192   3   0   429  284   446 
 193   3   0   355  107   356 
 194   3   0   374  211   410 
 195   3   0   354  355   370 
 196   3   0   316  186   412 
 197   3   0   355  358   370 
 198   3   0   155  177   379 
 199   3   0   245  368   369 
 200   3   0   340  341   343 
 201   3   0   345  344   346 
 202   3   0   329  247   381 
 203   3   0    35   36    90 
 204   3   0    57   58    96 
 205   3   0   288  259   421 
 206   3   0   355  356   357 
 207   3   0    90   36   340 
 208   3   0    82  317   318 
 209   3   0   340   37   341 
 210   3   0    16   91   326 
 211   3   0   313   80   364 
 212   3   0   245  367   368 
 213   3   0   173  200   367 
 214   3   0    16   17    91 
 215   3   0    37   38   341 
 216   3   0   245  369   413 
 217   3   0    38   39    97 
 218   3   0   336  335   339 
 219   3   0   114  213   425 
 220   3   0   210  208   411 
 221   3   0    78   79   106 
 222   3   0    81   71   310 
 223   3   0    56   57   457 
 224   3   0   258  228   259 
 225   3   0   258  259   288 
 226   3   0   250  374   410 
 227   3   0    82  318   321 
 228   3   0   193  192   365 
 229   3   0   197  147   373 
 230   3   0   255  256   273 
 231   3   0    94   77   334 
 232   3   0   255  197   256 
 233   3   0   273  274   307 
 234   3   0   196  234   235 
 235   3   0   273  256   274 
 236   3   0   170  173   367 
 237   3   0   235  260   261 
 238   3   0   261  260   289 
 239   3   0   358  357   359 
 240   3   0   109  110   111 
 241   3   0   367  200   368 
 242   3   0   160  162   413 
 243   3   0    21   22   107 
 244   3   0    58   59   344 
 245   3   0   208  230   411 
 246   3   0   174  381   401 
 247   3   0   192  214   365 
 248   3   0   235  234   260 
 249   3   0   177  196   391 
 250   3   0    95   20   354 
 251   3   0   229  142   371 
 252   3   0    76   94   363 
 253   3   0   381  247   401 
 254   3   0   142  137   371 
 255   3   0    82   14   317 
 256   3   0   214  270   272 
 257   3   0   436  283   439 
 258   3   0   209  224   237 
 259   3   0   381  174   421 
 260   3   0   130  128   372 
 261   3   0   262  261   263 
 262   3   0    95  354   370 
 263   3   0    77   78   334 
 264   3   0    76   77    94 
 265   3   0   109  111   112 
 266   3   0    74   75   330 
 267   3   0   272  296   301 
 268   3   0   109  108   110 
 269   3   0   139  137   142 
 270   3   0   134  130   372 
 271   3   0   251  160   413 
 272   3   0   214  272   365 
 273   3   0   137  134   371 
 274   3   0    75   76   363 
 275   3   0   209  237   409 
 276   3   0   331  330   332 
 277   3   0   235  261   262 
 278   3   0   143  144   145 
 279   3   0   254  197   255 
 280   3   0    20   21   354 
 281   3   0    15   16   326 
 282   3   0    19   20    95 
 283   3   0   143  142   144 
 284   3   0   230  207   244 
 285   3   0   190  193   378 
 286   3   0   139  142   143 
 287   3   0   168  170   367 
 288   3   0   272  270   296 
 289   3   0   166  168   245 
 290   3   0    71   72   310 
 291   3   0    36   37   340 
 292   3   0   230  244   329 
 293   3   0   274  256   316 
 294   3   0   339   92   455 
 295   3   0   196  225   234 
 296   3   0   276  252   303 
 297   3   0   184  185   204 
 298   3   0   230  329   386 
 299   3   0   170  172   173 
 300   3   0   233  211   374 
 301   3   0   184  204   226 
 302   3   0   371  134   372 
 303   3   0   230  386   411 
 304   3   0   285  233   286 
 305   3   0   286  374   427 
 306   3   0   355  357   358 
 307   3   0   372  128   392 
 308   3   0   251  369   419 
 309   3   0   184  226   383 
 310   3   0   264  263   265 
 311   3   0   286  233   374 
 312   3   0    14   15   317 
 313   3   0   143  145   186 
 314   3   0   211  157   410 
 315   3   0   379  177   391 
 316   3   0   170  171   172 
 317   3   0   173  199   200 
 318   3   0   266  216   280 
 319   3   0   186  145   383 
 320   3   0   262  312   391 
 321   3   0   245  168   367 
 322   3   0   318  319   320 
 323   3   0   138  137   139 
 324   3   0   177  195   196 
 325   3   0   178  202   221 
 326   3   0   145  146   184 
 327   3   0   262  263   264 
 328   3   0   144  142   229 
 329   3   0   226  252   276 
 330   3   0   173  172   183 
 331   3   0   226  277   383 
 332   3   0   376  189   377 
 333   3   0   235  262   391 
 334   3   0   173  183   199 
 335   3   0   145  144   146 
 336   3   0   183  172   388 
 337   3   0     9   10    86 
 338   3   0   135  134   137 
 339   3   0   163  161   164 
 340   3   0   148  189   376 
 341   3   0   144  229   380 
 342   3   0   199  183   206 
 343   3   0   226  204   252 
 344   3   0   248  183   388 
 345   3   0   184  146   185 
 346   3   0   161  159   393 
 347   3   0   151  175   394 
 348   3   0   199  206   257 
 349   3   0   371  372   422 
 350   3   0   266  280   281 
 351   3   0   168  169   170 
 352   3   0   148  188   189 
 353   3   0   162  166   413 
 354   3   0   232  211   233 
 355   3   0   145  184   383 
 356   3   0   249  290   302 
 357   3   0   187  147   197 
 358   3   0   189  190   378 
 359   3   0   277  276   306 
 360   3   0   178  221   388 
 361   3   0   149  394   402 
 362   3   0   284  233   285 
 363   3   0   190  192   193 
 364   3   0   269  283   298 
 365   3   0   143  186   375 
 366   3   0   141  148   376 
 367   3   0   394  278   402 
 368   3   0   206  248   249 
 369   3   0   198  118   247 
 370   3   0   182  157   211 
 371   3   0   249  248   290 
 372   3   0   138  141   397 
 373   3   0    11   12   100 
 374   3   0   271  294   299 
 375   3   0   268  218   269 
 376   3   0   159  231   393 
 377   3   0   312  379   391 
 378   3   0   264  265   322 
 379   3   0   113  174   401 
 380   3   0   239  203   240 
 381   3   0   164  161   393 
 382   3   0   186  383   412 
 383   3   0   158  251   407 
 384   3   0    30  101   384 
 385   3   0   172  171   178 
 386   3   0   189  188   190 
 387   3   0    30   31   101 
 388   3   0   117  115   118 
 389   3   0   214  222   270 
 390   3   0    29   30   384 
 391   3   0   125  124   392 
 392   3   0   424  180   430 
 393   3   0   151  153   175 
 394   3   0   206  183   248 
 395   3   0   163  164   194 
 396   3   0    28   29    87 
 397   3   0   128  125   392 
 398   3   0    87   29   384 
 399   3   0   127  125   128 
 400   3   0   123  121   124 
 401   3   0   247  118   401 
 402   3   0   166  167   168 
 403   3   0   226  276   277 
 404   3   0   133  130   134 
 405   3   0    66   67    84 
 406   3   0   292  293   295 
 407   3   0   217  218   268 
 408   3   0   244  207   403 
 409   3   0   246  164   393 
 410   3   0   172  178   388 
 411   3   0   113  111   174 
 412   3   0   292  240   293 
 413   3   0   115  113   401 
 414   3   0   269  282   283 
 415   3   0   170  169   171 
 416   3   0   208  207   230 
 417   3   0   196  235   391 
 418   3   0   112  111   113 
 419   3   0   139  143   375 
 420   3   0   182  211   232 
 421   3   0   290  248   405 
 422   3   0   232  233   284 
 423   3   0   120  122   149 
 424   3   0   119  118   198 
 425   3   0   149  150   151 
 426   3   0   239  240   292 
 427   3   0   194  164   212 
 428   3   0   269  218   282 
 429   3   0   127  128   129 
 430   3   0   146  144   380 
 431   3   0   104  335   336 
 432   3   0   377  189   378 
 433   3   0   123  124   125 
 434   3   0   212  164   246 
 435   3   0   228  210   411 
 436   3   0   324  325   366 
 437   3   0   248  388   405 
 438   3   0   187  197   254 
 439   3   0    27   28   385 
 440   3   0    67   68   389 
 441   3   0   212  246   400 
 442   3   0    28   87   385 
 443   3   0   149  151   394 
 444   3   0   307  274   404 
 445   3   0   135  138   397 
 446   3   0   218  212   400 
 447   3   0   280  216   414 
 448   3   0    84   67   389 
 449   3   0   141  376   397 
 450   3   0   149  122   150 
 451   3   0   155  176   177 
 452   3   0   181  182   203 
 453   3   0   117  118   119 
 454   3   0   181  157   182 
 455   3   0   256  197   373 
 456   3   0   262  264   312 
 457   3   0   132  136   158 
 458   3   0   217  212   218 
 459   3   0   124  121   399 
 460   3   0   198  247   323 
 461   3   0   158  160   251 
 462   3   0   126  125   127 
 463   3   0   286  427   433 
 464   3   0    47   48    85 
 465   3   0   151  150   152 
 466   3   0   192  201   214 
 467   3   0   194  212   217 
 468   3   0   127  129   131 
 469   3   0   159  136   231 
 470   3   0   123  125   126 
 471   3   0   120  119   121 
 472   3   0    68   69   102 
 473   3   0   122  121   123 
 474   3   0   114  116   213 
 475   3   0   120  149   402 
 476   3   0   213  116   278 
 477   3   0   156  154   157 
 478   3   0   259  228   411 
 479   3   0    48   49   395 
 480   3   0   117  119   120 
 481   3   0   240  203   396 
 482   3   0   148  187   188 
 483   3   0    49   50   103 
 484   3   0   120  121   122 
 485   3   0   324  323   325 
 486   3   0   158  136   159 
 487   3   0   140  139   375 
 488   3   0   118  115   401 
 489   3   0   152  150   250 
 490   3   0   160  159   161 
 491   3   0   162  161   163 
 492   3   0   198  323   324 
 493   3   0   132  133   136 
 494   3   0   141  147   148 
 495   3   0   114  113   115 
 496   3   0   392  124   416 
 497   3   0   383  277   412 
 498   3   0    65   66   387 
 499   3   0   129  128   130 
 500   3   0   219  203   239 
 501   3   0   156  157   181 
 502   3   0   133  134   135 
 503   3   0   168  167   169 
 504   3   0   278  116   402 
 505   3   0   119  198   399 
 506   3   0    66   84   387 
 507   3   0   407  251   419 
 508   3   0   236  216   266 
 509   3   0   203  182   396 
 510   3   0   116  117   402 
 511   3   0    68  102   389 
 512   3   0   255  273   275 
 513   3   0   162  165   166 
 514   3   0   116  115   117 
 515   3   0   282  218   400 
 516   3   0   182  232   396 
 517   3   0   112  113   114 
 518   3   0   124  399   416 
 519   3   0   117  120   402 
 520   3   0   386  381   421 
 521   3   0   123  126   398 
 522   3   0   194  217   253 
 523   3   0   318  317   319 
 524   3   0   121  119   399 
 525   3   0   129  130   132 
 526   3   0   150  122   398 
 527   3   0   166  165   167 
 528   3   0   135  137   138 
 529   3   0   122  123   398 
 530   3   0   234  225   242 
 531   3   0   198  324   399 
 532   3   0   178  179   202 
 533   3   0   388  221   405 
 534   3   0   196  195   225 
 535   3   0   138  139   140 
 536   3   0   209  210   224 
 537   3   0   231  417   423 
 538   3   0   185  146   403 
 539   3   0   205  208   209 
 540   3   0   158  159   160 
 541   3   0   166  245   413 
 542   3   0   190  191   192 
 543   3   0    85   48   395 
 544   3   0   153  152   154 
 545   3   0   252  204   409 
 546   3   0   322  265   442 
 547   3   0   250  150   398 
 548   3   0   224  227   241 
 549   3   0   202  215   223 
 550   3   0   246  428   435 
 551   3   0   316  256   373 
 552   3   0   151  152   153 
 553   3   0   204  185   205 
 554   3   0   207  185   403 
 555   3   0   177  176   195 
 556   3   0    49  103   395 
 557   3   0   254  255   382 
 558   3   0   132  130   133 
 559   3   0   239  292   390 
 560   3   0   181  203   219 
 561   3   0   141  140   147 
 562   3   0   114  115   116 
 563   3   0   131  407   419 
 564   3   0   399  324   416 
 565   3   0   376  377   423 
 566   3   0   386  259   411 
 567   3   0   138  140   141 
 568   3   0   148  147   187 
 569   3   0   231  136   417 
 570   3   0   160  161   162 
 571   3   0   324  366   416 
 572   3   0   146  380   403 
 573   3   0   132  158   407 
 574   3   0   167  165   180 
 575   3   0   157  154   410 
 576   3   0   155  154   156 
 577   3   0   131  129   407 
 578   3   0   280  424   430 
 579   3   0   236  266   297 
 580   3   0   178  171   179 
 581   3   0   129  132   407 
 582   3   0   190  188   191 
 583   3   0   219  267   279 
 584   3   0   243  228   258 
 585   3   0    25   26    98 
 586   3   0   199  257   429 
 587   3   0   163  194   406 
 588   3   0   337  336   338 
 589   3   0   270  222   271 
 590   3   0   215  179   216 
 591   3   0   205  185   207 
 592   3   0   162  163   165 
 593   3   0   153  154   155 
 594   3   0   154  152   410 
 595   3   0   219  239   267 
 596   3   0   329  381   386 
 597   3   0   152  250   410 
 598   3   0   214  201   222 
 599   3   0   236  297   300 
 600   3   0   365  272   436 
 601   3   0   188  187   408 
 602   3   0   171  169   414 
 603   3   0   369  368   443 
 604   3   0   215  216   236 
 605   3   0     6    7    99 
 606   3   0   201  191   220 
 607   3   0   180  165   406 
 608   3   0   255  275   382 
 609   3   0   219  279   415 
 610   3   0   156  181   415 
 611   3   0   202  179   215 
 612   3   0   136  133   417 
 613   3   0   417  397   423 
 614   3   0   135  397   417 
 615   3   0   155  156   176 
 616   3   0   279  267   304 
 617   3   0   246  393   428 
 618   3   0   194  253   406 
 619   3   0   205  209   409 
 620   3   0   392  416   422 
 621   3   0   205  207   208 
 622   3   0   165  163   406 
 623   3   0   204  205   409 
 624   3   0   192  191   201 
 625   3   0   225  195   238 
 626   3   0   191  188   408 
 627   3   0   133  135   417 
 628   3   0   209  208   210 
 629   3   0   187  254   408 
 630   3   0   280  414   424 
 631   3   0   181  219   415 
 632   3   0   443  368   446 
 633   3   0   267  239   390 
 634   3   0   227  210   228 
 635   3   0   179  171   414 
 636   3   0   220  191   408 
 637   3   0   374  250   427 
 638   3   0   416  366   422 
 639   3   0    44   45    92 
 640   3   0   174  111   434 
 641   3   0   216  179   414 
 642   3   0   167  180   424 
 643   3   0   127  131   433 
 644   3   0   224  210   227 
 645   3   0   223  215   418 
 646   3   0   227  228   243 
 647   3   0   271  291   294 
 648   3   0   372  392   422 
 649   3   0   368  200   446 
 650   3   0   288  421   434 
 651   3   0   176  156   415 
 652   3   0    63   64    93 
 653   3   0   428  377   435 
 654   3   0   169  167   424 
 655   3   0   236  300   418 
 656   3   0   243  287   308 
 657   3   0   271  222   291 
 658   3   0   304  267   305 
 659   3   0   397  376   423 
 660   3   0   441  314   442 
 661   3   0   414  169   424 
 662   3   0   200  199   429 
 663   3   0   250  398   427 
 664   3   0   243  258   287 
 665   3   0   281  280   430 
 666   3   0   215  236   418 
 667   3   0   393  231   428 
 668   3   0   398  126   427 
 669   3   0   433  131   440 
 670   3   0   259  386   421 
 671   3   0   104  336   337 
 672   3   0   429  257   444 
 673   3   0   421  174   434 
 674   3   0   201  220   420 
 675   3   0   423  377   428 
 676   3   0   238  195   431 
 677   3   0   415  279   431 
 678   3   0   427  126   433 
 679   3   0   176  415   431 
 680   3   0   241  227   426 
 681   3   0   408  254   432 
 682   3   0    85  445   447 
 683   3   0   126  127   433 
 684   3   0   222  201   420 
 685   3   0   249  302   450 
 686   3   0   195  176   431 
 687   3   0   305  267   390 
 688   3   0   193  365   439 
 689   3   0   243  308   426 
 690   3   0   293  448   449 
 691   3   0   231  423   428 
 692   3   0   238  431   437 
 693   3   0   272  301   436 
 694   3   0   291  222   420 
 695   3   0   254  382   432 
 696   3   0   285  286   440 
 697   3   0   400  246   435 
 698   3   0   111  110   434 
 699   3   0   431  279   437 
 700   3   0   377  378   435 
 701   3   0   378  193   438 
 702   3   0   213  322   442 
 703   3   0   220  408   432 
 704   3   0   400  435   438 
 705   3   0   227  243   426 
 706   3   0   286  433   440 
 707   3   0   435  378   438 
 708   3   0   282  400   438 
 709   3   0   279  304   437 
 710   3   0   438  193   439 
 711   3   0   444  257   448 
 712   3   0   282  438   439 
 713   3   0   283  282   439 
 714   3   0   131  419   440 
 715   3   0   263  261   447 
 716   3   0   232  284   444 
 717   3   0   103  314   441 
 718   3   0   284  429   444 
 719   3   0   206  249   449 
 720   3   0   293  240   448 
 721   3   0   454   88   456 
 722   3   0   425  213   442 
 723   3   0    47   85   451 
 724   3   0   395  103   441 
 725   3   0   285  443   446 
 726   3   0   314  425   442 
 727   3   0   448  257   449 
 728   3   0   285  440   443 
 729   3   0   395  441   445 
 730   3   0   265  263   445 
 731   3   0   396  232   444 
 732   3   0   419  369   443 
 733   3   0   284  285   446 
 734   3   0    85  395   445 
 735   3   0   449  249   450 
 736   3   0   441  265   445 
 737   3   0    92   45   453 
 738   3   0   440  419   443 
 739   3   0   339  455   458 
 740   3   0   396  444   448 
 741   3   0    55   56   456 
 742   3   0   261  289   447 
 743   3   0   240  396   448 
 744   3   0   287  258   454 
 745   3   0   257  206   449 
 746   3   0   458  242   459 
 747   3   0   295  293   450 
 748   3   0   110  309   452 
 749   3   0    85  447   451 
 750   3   0    46   47   451 
 751   3   0   234  242   458 
 752   3   0   308  287   457 
 753   3   0    46  451   453 
 754   3   0   293  449   450 
 755   3   0   451  289   453 
 756   3   0    45   46   453 
 757   3   0   288  452   454 
 758   3   0   338  336   459 
 759   3   0    92  453   455 
 760   3   0   447  289   451 
 761   3   0   258  288   454 
 762   3   0   434  110   452 
 763   3   0    88   55   456 
 764   3   0   289  260   455 
 765   3   0   288  434   452 
 766   3   0   456   56   457 
 767   3   0   455  260   458 
 768   3   0   287  456   457 
 769   3   0   453  289   455 
 770   3   0   339  458   459 
 771   3   0   260  234   458 
 772   3   0   336  339   459 
 773   3   0   352  387   482 
 774   3   0   479  304   511 
 775   3   0   306  484   512 
 776   3   0   343  342   477 
 777   3   0    33   34   460 
 778   3   0   328  321   463 
 779   3   0    91   17   462 
 780   3   0    19   95   461 
 781   3   0   318  320   464 
 782   3   0   297  266   465 
 783   3   0    86   10   467 
 784   3   0    11  100   467 
 785   3   0   406  253   466 
 786   3   0   436  301   468 
 787   3   0   430  180   466 
 788   3   0     9   86   469 
 789   3   0   296  270   471 
 790   3   0    99    7   470 
 791   3   0   271  299   471 
 792   3   0   298  283   468 
 793   3   0     6   99   472 
 794   3   0   507  418   508 
 795   3   0   506  223   507 
 796   3   0   223  418   507 
 797   3   0   418  300   508 
 798   3   0   281  430   505 
 799   3   0   502  281   505 
 800   3   0   346  344   474 
 801   3   0    59   60   474 
 802   3   0     4    5   475 
 803   3   0    83   33   460 
 804   3   0    18   19   461 
 805   3   0    18  461   462 
 806   3   0   100  328   463 
 807   3   0    17   18   462 
 808   3   0   321  318   464 
 809   3   0   266  281   465 
 810   3   0   180  406   466 
 811   3   0    10   11   467 
 812   3   0   283  436   468 
 813   3   0     8    9   469 
 814   3   0     8  469   470 
 815   3   0     7    8   470 
 816   3   0   270  271   471 
 817   3   0     5    6   472 
 818   3   0   363   94   476 
 819   3   0   100  463   504 
 820   3   0   321  464   503 
 821   3   0   465  281   502 
 822   3   0    90  479   511 
 823   3   0   242  225   477 
 824   3   0   361  362   496 
 825   3   0   420  220   478 
 826   3   0   361  496   497 
 827   3   0    94  334   509 
 828   3   0   359  361   506 
 829   3   0   460   34   485 
 830   3   0   350   93   493 
 831   3   0   360   98   494 
 832   3   0   340  343   479 
 833   3   0   437  304   479 
 834   3   0   290  405   473 
 835   3   0    89  331   480 
 836   3   0    81  310   486 
 837   3   0   101  327   487 
 838   3   0   106  475   483 
 839   3   0   344   59   474 
 840   3   0   332  363   476 
 841   3   0   276  303   484 
 842   3   0   305  460   485 
 843   3   0    35   90   485 
 844   3   0   461   95   508 
 845   3   0   275  273   486 
 846   3   0   450  302   487 
 847   3   0   105   62   488 
 848   3   0    97   39   489 
 849   3   0    63   93   488 
 850   3   0    25   98   490 
 851   3   0     5  472   475 
 852   3   0   404  306   491 
 853   3   0   390  292   492 
 854   3   0    65  387   493 
 855   3   0    93   64   493 
 856   3   0    27  385   494 
 857   3   0    98   26   494 
 858   3   0   389  102   484 
 859   3   0   303  353   482 
 860   3   0   459  242   495 
 861   3   0   300  461   508 
 862   3   0   202  223   497 
 863   3   0    79    0   499 
 864   3   0     0    4   499 
 865   3   0    22    1   501 
 866   3   0     1   23   501 
 867   3   0   356  107   501 
 868   3   0     2   42   498 
 869   3   0    41    2   498 
 870   3   0    60    3   500 
 871   3   0     3   61   500 
 872   3   0   104  337   498 
 873   3   0   326   91   502 
 874   3   0   268  269   504 
 875   3   0   253  217   503 
 876   3   0   334  106   483 
 877   3   0   302  290   481 
 878   3   0   382  275   480 
 879   3   0   225  238   477 
 880   3   0    91  465   502 
 881   3   0   463  268   504 
 882   3   0   464  253   503 
 883   3   0   220  432   478 
 884   3   0   387   84   482 
 885   3   0   473  405   496 
 886   3   0   362  473   496 
 887   3   0    90  340   479 
 888   3   0   311   89   480 
 889   3   0    87  384   481 
 890   3   0   290  473   481 
 891   3   0   353  352   482 
 892   3   0   291  420   510 
 893   3   0    40  337   489 
 894   3   0   356   24   490 
 895   3   0   299  294   483 
 896   3   0   306  276   484 
 897   3   0    34   35   485 
 898   3   0   294  291   509 
 899   3   0   273  307   486 
 900   3   0   295  450   487 
 901   3   0   476  291   510 
 902   3   0    62   63   488 
 903   3   0    24   25   490 
 904   3   0   337  338   489 
 905   3   0    39   40   489 
 906   3   0   357  356   490 
 907   3   0   307  404   491 
 908   3   0   292  295   492 
 909   3   0    64   65   493 
 910   3   0    26   27   494 
 911   3   0   420  478   510 
 912   3   0   338  459   495 
 913   3   0   291  476   509 
 914   3   0   474   60   500 
 915   3   0     4  475   499 
 916   3   0   491  306   512 
 917   3   0   405  221   496 
 918   3   0   496  221   497 
 919   3   0   221  202   497 
 920   3   0   106   79   499 
 921   3   0   107   22   501 
 922   3   0    42  104   498 
 923   3   0    61  105   500 
 924   3   0   319  326   502 
 925   3   0   217  268   503 
 926   3   0   269  298   504 
 927   3   0   485   90   511 
 928   3   0   319  502   505 
 929   3   0   320  319   505 
 930   3   0   358  359   506 
 931   3   0   370  358   507 
 932   3   0   370  507   508 
 933   3   0   358  506   507 
 934   3   0    95  370   508 
 935   3   0   476   94   509 
 936   3   0   304  305   511 
 937   3   0   102  315   512 
 938   3   0   105  474   500 
 939   3   0   475  106   499 
 940   3   0   478  332   510 
 941   3   0   332  476   510 
 942   3   0   305  485   511 
 943   3   0   315  491   512 
