   2   0.0000  -2.0000 
   3   0.0000  -2.0000 
  42   0.0000  -2.0000 
  43   0.0000  -2.0000 
  44   0.0000  -2.0000 
  45   0.0000  -2.0000 
  46   0.0000  -2.0000 
  47   0.0000  -2.0000 
  48   0.0000  -2.0000 
  49   0.0000  -2.0000 
  50   0.0000  -2.0000 
  51   0.0000  -2.0000 
  52   0.0000  -2.0000 
  53   0.0000  -2.0000 
  54   0.0000  -2.0000 
  55   0.0000  -2.0000 
  56   0.0000  -2.0000 
  57   0.0000  -2.0000 
  58   0.0000  -2.0000 
  59   0.0000  -2.0000 
  60   0.0000  -2.0000 
