   0   0.0000   0.0000    -1    -1 
   1   1.0000   0.0000    -1    -1 
   2   1.0000   1.0000     0     0 
   3   0.0000   1.0000     0     0 
   4   0.0500   0.0000    -1    -1 
   5   0.1000   0.0000    -1    -1 
   6   0.1500   0.0000    -1    -1 
   7   0.2000   0.0000    -1    -1 
   8   0.2500   0.0000    -1    -1 
   9   0.3000   0.0000    -1    -1 
  10   0.3500   0.0000    -1    -1 
  11   0.4000   0.0000    -1    -1 
  12   0.4500   0.0000    -1    -1 
  13   0.5000   0.0000    -1    -1 
  14   0.5500   0.0000    -1    -1 
  15   0.6000   0.0000    -1    -1 
  16   0.6500   0.0000    -1    -1 
  17   0.7000   0.0000    -1    -1 
  18   0.7500   0.0000    -1    -1 
  19   0.8000   0.0000    -1    -1 
  20   0.8500   0.0000    -1    -1 
  21   0.9000   0.0000    -1    -1 
  22   0.9500   0.0000    -1    -1 
  23   1.0000   0.0500     0     0 
  24   1.0000   0.1000     0     0 
  25   1.0000   0.1500     0     0 
  26   1.0000   0.2000     0     0 
  27   1.0000   0.2500     0     0 
  28   1.0000   0.3000     0     0 
  29   1.0000   0.3500     0     0 
  30   1.0000   0.4000     0     0 
  31   1.0000   0.4500     0     0 
  32   1.0000   0.5000     0     0 
  33   1.0000   0.5500     0     0 
  34   1.0000   0.6000     0     0 
  35   1.0000   0.6500     0     0 
  36   1.0000   0.7000     0     0 
  37   1.0000   0.7500     0     0 
  38   1.0000   0.8000     0     0 
  39   1.0000   0.8500     0     0 
  40   1.0000   0.9000     0     0 
  41   1.0000   0.9500     0     0 
  42   0.9500   1.0000     0     0 
  43   0.9000   1.0000     0     0 
  44   0.8500   1.0000     0     0 
  45   0.8000   1.0000     0     0 
  46   0.7500   1.0000     0     0 
  47   0.7000   1.0000     0     0 
  48   0.6500   1.0000     0     0 
  49   0.6000   1.0000     0     0 
  50   0.5500   1.0000     0     0 
  51   0.5000   1.0000     0     0 
  52   0.4500   1.0000     0     0 
  53   0.4000   1.0000     0     0 
  54   0.3500   1.0000     0     0 
  55   0.3000   1.0000     0     0 
  56   0.2500   1.0000     0     0 
  57   0.2000   1.0000     0     0 
  58   0.1500   1.0000     0     0 
  59   0.1000   1.0000     0     0 
  60   0.0500   1.0000     0     0 
  61   0.0000   0.9500     0     0 
  62   0.0000   0.9000     0     0 
  63   0.0000   0.8500     0     0 
  64   0.0000   0.8000     0     0 
  65   0.0000   0.7500     0     0 
  66   0.0000   0.7000     0     0 
  67   0.0000   0.6500     0     0 
  68   0.0000   0.6000     0     0 
  69   0.0000   0.5500     0     0 
  70   0.0000   0.5000     0     0 
  71   0.0000   0.4500     0     0 
  72   0.0000   0.4000     0     0 
  73   0.0000   0.3500     0     0 
  74   0.0000   0.3000     0     0 
  75   0.0000   0.2500     0     0 
  76   0.0000   0.2000     0     0 
  77   0.0000   0.1500     0     0 
  78   0.0000   0.1000     0     0 
  79   0.0000   0.0500     0     0 
  80   0.4750   0.9567     0     0 
  81   0.0505   0.4772     0     0 
  82   0.5250   0.0433     0     0 
  83   0.9660   0.5235     0     0 
  84   0.0433   0.6750     0     0 
  85   0.6750   0.9567     0     0 
  86   0.3250   0.0433     0     0 
  87   0.9561   0.3255     0     0 
  88   0.3250   0.9567     0     0 
  89   0.0423   0.3250     0     0 
  90   0.9628   0.6743     0     0 
  91   0.6750   0.0433     0     0 
  92   0.8250   0.9567     0     0 
  93   0.0444   0.8255     0     0 
  94   0.0419   0.1780     0     0 
  95   0.8270   0.0419     0     0 
  96   0.1750   0.9567     0     0 
  97   0.9517   0.8298     0     0 
  98   0.9556   0.1745     0     0 
  99   0.1750   0.0433     0     0 
 100   0.4272   0.0446     0     0 
 101   0.9551   0.4225     0     0 
 102   0.0396   0.5761     0     0 
 103   0.5750   0.9567     0     0 
 104   0.9231   0.9578     0     0 
 105   0.0453   0.9204     0     0 
 106   0.0424   0.0749     0     0 
 107   0.9231   0.0422     0     0 
 108   0.4250   0.9567     0     0 
 109   0.4500   0.9134     0     0 
 110   0.4000   0.9134     0     0 
 111   0.4250   0.8701     0     0 
 112   0.4750   0.8701     0     0 
 113   0.4500   0.8268     0     0 
 114   0.5000   0.8268     0     0 
 115   0.4750   0.7835     0     0 
 116   0.5250   0.7835     0     0 
 117   0.5000   0.7402     0     0 
 118   0.4500   0.7402     0     0 
 119   0.4750   0.6969     0     0 
 120   0.5250   0.6969     0     0 
 121   0.5000   0.6536     0     0 
 122   0.5500   0.6536     0     0 
 123   0.5250   0.6103     0     0 
 124   0.4750   0.6103     0     0 
 125   0.5000   0.5670     0     0 
 126   0.5500   0.5670     0     0 
 127   0.5250   0.5237     0     0 
 128   0.4750   0.5237     0     0 
 129   0.5000   0.4804     0     0 
 130   0.4500   0.4804     0     0 
 131   0.5500   0.4804     0     0 
 132   0.4750   0.4371     0     0 
 133   0.4250   0.4371     0     0 
 134   0.4000   0.4804     0     0 
 135   0.3750   0.4371     0     0 
 136   0.4500   0.3938     0     0 
 137   0.3500   0.4804     0     0 
 138   0.3250   0.4371     0     0 
 139   0.3000   0.4804     0     0 
 140   0.2750   0.4371     0     0 
 141   0.3000   0.3938     0     0 
 142   0.3250   0.5237     0     0 
 143   0.2750   0.5237     0     0 
 144   0.3000   0.5670     0     0 
 145   0.2500   0.5670     0     0 
 146   0.2750   0.6103     0     0 
 147   0.2500   0.3938     0     0 
 148   0.2750   0.3505     0     0 
 149   0.5750   0.6969     0     0 
 150   0.6000   0.6536     0     0 
 151   0.6250   0.6969     0     0 
 152   0.6500   0.6536     0     0 
 153   0.6750   0.6969     0     0 
 154   0.7000   0.6536     0     0 
 155   0.7250   0.6969     0     0 
 156   0.7500   0.6536     0     0 
 157   0.7250   0.6103     0     0 
 158   0.5000   0.3938     0     0 
 159   0.4750   0.3505     0     0 
 160   0.5250   0.3505     0     0 
 161   0.5000   0.3072     0     0 
 162   0.5500   0.3072     0     0 
 163   0.5250   0.2639     0     0 
 164   0.4750   0.2639     0     0 
 165   0.5750   0.2639     0     0 
 166   0.6000   0.3072     0     0 
 167   0.6250   0.2639     0     0 
 168   0.6500   0.3072     0     0 
 169   0.6750   0.2639     0     0 
 170   0.7000   0.3072     0     0 
 171   0.7250   0.2639     0     0 
 172   0.7500   0.3072     0     0 
 173   0.7250   0.3505     0     0 
 174   0.4000   0.8268     0     0 
 175   0.6500   0.7402     0     0 
 176   0.7750   0.6969     0     0 
 177   0.7500   0.7402     0     0 
 178   0.7750   0.2639     0     0 
 179   0.7500   0.2206     0     0 
 180   0.6000   0.2208     0     0 
 181   0.7750   0.6103     0     0 
 182   0.7500   0.5670     0     0 
 183   0.7750   0.3505     0     0 
 184   0.2250   0.6103     0     0 
 185   0.2500   0.6536     0     0 
 186   0.2250   0.5237     0     0 
 187   0.2250   0.3505     0     0 
 188   0.2500   0.3072     0     0 
 189   0.3000   0.3072     0     0 
 190   0.2750   0.2639     0     0 
 191   0.2250   0.2639     0     0 
 192   0.2500   0.2206     0     0 
 193   0.3000   0.2206     0     0 
 194   0.5000   0.2206     0     0 
 195   0.8000   0.7402     0     0 
 196   0.7750   0.7835     0     0 
 197   0.2000   0.3938     0     0 
 198   0.4250   0.6969     0     0 
 199   0.7500   0.3938     0     0 
 200   0.7000   0.3938     0     0 
 201   0.2000   0.2206     0     0 
 202   0.7981   0.2217     0     0 
 203   0.8000   0.5670     0     0 
 204   0.2000   0.6536     0     0 
 205   0.2250   0.6969     0     0 
 206   0.8000   0.3938     0     0 
 207   0.2750   0.6969     0     0 
 208   0.2500   0.7402     0     0 
 209   0.2000   0.7402     0     0 
 210   0.2250   0.7835     0     0 
 211   0.7000   0.5670     0     0 
 212   0.4500   0.2206     0     0 
 213   0.5500   0.8268     0     0 
 214   0.2250   0.1773     0     0 
 215   0.7747   0.1775     0     0 
 216   0.7249   0.1773     0     0 
 217   0.4730   0.1784     0     0 
 218   0.4247   0.1775     0     0 
 219   0.8250   0.6103     0     0 
 220   0.1757   0.2643     0     0 
 221   0.8239   0.2645     0     0 
 222   0.1750   0.1773     0     0 
 223   0.8184   0.1749     0     0 
 224   0.1747   0.7833     0     0 
 225   0.8244   0.7831     0     0 
 226   0.1750   0.6103     0     0 
 227   0.1999   0.8268     0     0 
 228   0.2500   0.8268     0     0 
 229   0.3500   0.5670     0     0 
 230   0.3000   0.7402     0     0 
 231   0.4250   0.3505     0     0 
 232   0.7250   0.5237     0     0 
 233   0.6750   0.5237     0     0 
 234   0.7999   0.8267     0     0 
 235   0.7500   0.8268     0     0 
 236   0.7499   0.1340     0     0 
 237   0.1500   0.7402     0     0 
 238   0.8500   0.7402     0     0 
 239   0.8500   0.5670     0     0 
 240   0.8250   0.5237     0     0 
 241   0.1496   0.8266     0     0 
 242   0.8492   0.8283     0     0 
 243   0.2250   0.8701     0     0 
 244   0.3250   0.6969     0     0 
 245   0.6250   0.3505     0     0 
 246   0.4250   0.2639     0     0 
 247   0.4000   0.7402     0     0 
 248   0.8250   0.3505     0     0 
 249   0.8500   0.3938     0     0 
 250   0.6250   0.6103     0     0 
 251   0.5500   0.3938     0     0 
 252   0.1500   0.6536     0     0 
 253   0.5250   0.1773     0     0 
 254   0.1750   0.3505     0     0 
 255   0.1500   0.3938     0     0 
 256   0.1750   0.4371     0     0 
 257   0.7750   0.4371     0     0 
 258   0.2750   0.8701     0     0 
 259   0.3000   0.8268     0     0 
 260   0.7750   0.8701     0     0 
 261   0.7250   0.8701     0     0 
 262   0.7000   0.8268     0     0 
 263   0.6750   0.8701     0     0 
 264   0.6500   0.8268     0     0 
 265   0.6250   0.8701     0     0 
 266   0.7000   0.1342     0     0 
 267   0.8750   0.6103     0     0 
 268   0.4415   0.1356     0     0 
 269   0.4000   0.1340     0     0 
 270   0.2000   0.1342     0     0 
 271   0.1500   0.1342     0     0 
 272   0.2500   0.1340     0     0 
 273   0.1263   0.4378     0     0 
 274   0.1502   0.4805     0     0 
 275   0.0930   0.3962     0     0 
 276   0.1262   0.6096     0     0 
 277   0.1502   0.5669     0     0 
 278   0.5750   0.7835     0     0 
 279   0.8500   0.6536     0     0 
 280   0.6750   0.1773     0     0 
 281   0.6544   0.1306     0     0 
 282   0.3749   0.1773     0     0 
 283   0.3500   0.1342     0     0 
 284   0.7000   0.4804     0     0 
 285   0.6500   0.4804     0     0 
 286   0.6250   0.5237     0     0 
 287   0.2500   0.9134     0     0 
 288   0.3250   0.8701     0     0 
 289   0.7500   0.9134     0     0 
 290   0.8737   0.3506     0     0 
 291   0.1219   0.1800     0     0 
 292   0.8735   0.5228     0     0 
 293   0.8497   0.4802     0     0 
 294   0.1003   0.1317     0     0 
 295   0.8980   0.4792     0     0 
 296   0.2250   0.0907     0     0 
 297   0.7250   0.0907     0     0 
 298   0.3676   0.0905     0     0 
 299   0.1257   0.0867     0     0 
 300   0.7740   0.0926     0     0 
 301   0.2750   0.0907     0     0 
 302   0.9068   0.3958     0     0 
 303   0.0929   0.6521     0     0 
 304   0.8967   0.6528     0     0 
 305   0.9216   0.6124     0     0 
 306   0.1060   0.5625     0     0 
 307   0.1031   0.4799     0     0 
 308   0.2000   0.9134     0     0 
 309   0.3750   0.9567     0     0 
 310   0.0449   0.4233     0     0 
 311   0.0433   0.3750     0     0 
 312   0.6750   0.7835     0     0 
 313   0.5250   0.9567     0     0 
 314   0.5500   0.9134     0     0 
 315   0.0405   0.5287     0     0 
 316   0.2000   0.4804     0     0 
 317   0.5750   0.0433     0     0 
 318   0.5500   0.0864     0     0 
 319   0.6000   0.0866     0     0 
 320   0.5676   0.1300     0     0 
 321   0.5022   0.0879     0     0 
 322   0.6000   0.8268     0     0 
 323   0.3750   0.6969     0     0 
 324   0.4000   0.6536     0     0 
 325   0.3500   0.6536     0     0 
 326   0.6230   0.0422     0     0 
 327   0.9504   0.4764     0     0 
 328   0.4757   0.0435     0     0 
 329   0.3500   0.7402     0     0 
 330   0.0431   0.2750     0     0 
 331   0.0938   0.3034     0     0 
 332   0.0847   0.2497     0     0 
 333   0.6250   0.7835     0     0 
 334   0.0494   0.1278     0     0 
 335   0.8747   0.9569     0     0 
 336   0.8996   0.9136     0     0 
 337   0.9539   0.9186     0     0 
 338   0.9245   0.8742     0     0 
 339   0.8499   0.9135     0     0 
 340   0.9588   0.7249     0     0 
 341   0.9562   0.7758     0     0 
 342   0.9185   0.7950     0     0 
 343   0.9088   0.7463     0     0 
 344   0.1254   0.9569     0     0 
 345   0.1501   0.9134     0     0 
 346   0.0997   0.9148     0     0 
 347   0.1249   0.8703     0     0 
 348   0.0747   0.8716     0     0 
 349   0.0983   0.8265     0     0 
 350   0.0733   0.7789     0     0 
 351   0.1231   0.7824     0     0 
 352   0.0988   0.7376     0     0 
 353   0.1245   0.6965     0     0 
 354   0.8750   0.0433     0     0 
 355   0.8997   0.0864     0     0 
 356   0.9539   0.0814     0     0 
 357   0.9250   0.1299     0     0 
 358   0.8750   0.1299     0     0 
 359   0.9035   0.1726     0     0 
 360   0.9270   0.2210     0     0 
 361   0.8829   0.2197     0     0 
 362   0.9039   0.2599     0     0 
 363   0.0429   0.2255     0     0 
 364   0.5000   0.9134     0     0 
 365   0.2750   0.1773     0     0 
 366   0.3750   0.6103     0     0 
 367   0.6750   0.3505     0     0 
 368   0.6500   0.3938     0     0 
 369   0.6000   0.3938     0     0 
 370   0.8511   0.0859     0     0 
 371   0.3750   0.5237     0     0 
 372   0.4250   0.5237     0     0 
 373   0.2250   0.4371     0     0 
 374   0.6500   0.5670     0     0 
 375   0.2500   0.4804     0     0 
 376   0.3250   0.3505     0     0 
 377   0.3500   0.3072     0     0 
 378   0.3250   0.2639     0     0 
 379   0.7000   0.7402     0     0 
 380   0.3250   0.6103     0     0 
 381   0.3750   0.7835     0     0 
 382   0.1250   0.3505     0     0 
 383   0.2000   0.5670     0     0 
 384   0.9567   0.3750     0     0 
 385   0.9503   0.2700     0     0 
 386   0.3250   0.7835     0     0 
 387   0.0469   0.7307     0     0 
 388   0.7998   0.3073     0     0 
 389   0.0430   0.6266     0     0 
 390   0.8989   0.5675     0     0 
 391   0.7250   0.7835     0     0 
 392   0.4500   0.5670     0     0 
 393   0.4500   0.3072     0     0 
 394   0.6000   0.7402     0     0 
 395   0.6250   0.9567     0     0 
 396   0.7750   0.5237     0     0 
 397   0.3500   0.3938     0     0 
 398   0.5750   0.6103     0     0 
 399   0.4500   0.6536     0     0 
 400   0.3999   0.2206     0     0 
 401   0.4250   0.7835     0     0 
 402   0.5500   0.7402     0     0 
 403   0.3000   0.6536     0     0 
 404   0.1281   0.5220     0     0 
 405   0.8474   0.3086     0     0 
 406   0.5500   0.2209     0     0 
 407   0.5250   0.4371     0     0 
 408   0.2001   0.3072     0     0 
 409   0.1749   0.6968     0     0 
 410   0.6750   0.6103     0     0 
 411   0.2750   0.7835     0     0 
 412   0.1756   0.5234     0     0 
 413   0.5750   0.3505     0     0 
 414   0.7000   0.2206     0     0 
 415   0.8000   0.6536     0     0 
 416   0.4250   0.6103     0     0 
 417   0.4000   0.3938     0     0 
 418   0.7943   0.1303     0     0 
 419   0.5750   0.4371     0     0 
 420   0.1526   0.2223     0     0 
 421   0.3500   0.8268     0     0 
 422   0.4000   0.5670     0     0 
 423   0.3750   0.3505     0     0 
 424   0.6500   0.2206     0     0 
 425   0.5250   0.8701     0     0 
 426   0.1749   0.8701     0     0 
 427   0.6000   0.5670     0     0 
 428   0.4000   0.3072     0     0 
 429   0.7250   0.4371     0     0 
 430   0.6279   0.1752     0     0 
 431   0.8250   0.6969     0     0 
 432   0.1500   0.3072     0     0 
 433   0.5750   0.5237     0     0 
 434   0.3750   0.8701     0     0 
 435   0.3750   0.2639     0     0 
 436   0.3000   0.1343     0     0 
 437   0.8750   0.6983     0     0 
 438   0.3500   0.2206     0     0 
 439   0.3250   0.1773     0     0 
 440   0.6000   0.4804     0     0 
 441   0.6000   0.9134     0     0 
 442   0.5750   0.8701     0     0 
 443   0.6250   0.4371     0     0 
 444   0.7500   0.4804     0     0 
 445   0.6500   0.9134     0     0 
 446   0.6750   0.4371     0     0 
 447   0.7000   0.9134     0     0 
 448   0.8000   0.4804     0     0 
 449   0.8250   0.4371     0     0 
 450   0.8750   0.4371     0     0 
 451   0.7250   0.9567     0     0 
 452   0.3500   0.9134     0     0 
 453   0.7750   0.9567     0     0 
 454   0.3000   0.9134     0     0 
 455   0.8000   0.9134     0     0 
 456   0.2750   0.9567     0     0 
 457   0.2250   0.9567     0     0 
 458   0.8248   0.8703     0     0 
 459   0.8747   0.8730     0     0 
 460   0.9556   0.5728     0     0 
 461   0.7746   0.0439     0     0 
 462   0.7250   0.0402     0     0 
 463   0.4557   0.0898     0     0 
 464   0.5250   0.1285     0     0 
 465   0.6759   0.0930     0     0 
 466   0.5790   0.1757     0     0 
 467   0.3789   0.0448     0     0 
 468   0.3235   0.0986     0     0 
 469   0.2750   0.0419     0     0 
 470   0.2250   0.0401     0     0 
 471   0.1750   0.0936     0     0 
 472   0.1256   0.0344     0     0 
 473   0.9000   0.3067     0     0 
 474   0.0765   0.9589     0     0 
 475   0.0795   0.0454     0     0 
 476   0.0808   0.2040     0     0 
 477   0.8732   0.7850     0     0 
 478   0.1287   0.2633     0     0 
 479   0.9229   0.6904     0     0 
 480   0.0797   0.3500     0     0 
 481   0.9187   0.3507     0     0 
 482   0.0808   0.6985     0     0 
 483   0.0795   0.0933     0     0 
 484   0.0794   0.5962     0     0 
 485   0.9652   0.6250     0     0 
 486   0.0835   0.4429     0     0 
 487   0.9171   0.4422     0     0 
 488   0.0329   0.8735     0     0 
 489   0.9663   0.8747     0     0 
 490   0.9666   0.1256     0     0 
 491   0.0841   0.5185     0     0 
 492   0.9159   0.5185     0     0 
 493   0.0329   0.7770     0     0 
 494   0.9674   0.2250     0     0 
 495   0.8996   0.8363     0     0 
 496   0.8645   0.2688     0     0 
 497   0.8394   0.2251     0     0 
 498   0.9634   0.9634     0     0 
 499   0.0366   0.0366     0     0 
 500   0.0366   0.9634     0     0 
 501   0.9634   0.0366     0     0 
 502   0.6382   0.0798     0     0 
 503   0.4882   0.1408     0     0 
 504   0.4122   0.0921     0     0 
 505   0.6123   0.1254     0     0 
 506   0.8601   0.1719     0     0 
 507   0.8361   0.1259     0     0 
 508   0.8120   0.0797     0     0 
 509   0.0796   0.1655     0     0 
 510   0.1137   0.2238     0     0 
 511   0.9346   0.6484     0     0 
 512   0.0693   0.5534     0     0 
