   0   3   0   238  240    78 
   1   3   0    77  239   200 
   2   3   0   187  196    68 
   3   3   0    78  265   238 
   4   3   0   200  264    77 
   5   3   0   163  184    75 
   6   3   0   131  245   179 
   7   3   0    68  249   187 
   8   3   0   246  248    35 
   9   3   0   172  248   246 
  10   3   0   163  243   184 
  11   3   0   179  261   131 
  12   3   0   179  245   180 
  13   3   0    75  244   163 
  14   3   0   200  239    80 
  15   3   0    81  240   238 
  16   3   0   152  265   202 
  17   3   0   203  264   153 
  18   3   0   181  242    79 
  19   3   0   153  249   203 
  20   3   0    82  243   241 
  21   3   0   164  243   163 
  22   3   0   188  250   247 
  23   3   0   187  244   196 
  24   3   0    79  273   181 
  25   3   0   202  266   152 
  26   3   0   202  265    78 
  27   3   0    77  264   203 
  28   3   0   243  271   241 
  29   3   0   198  272   212 
  30   3   0   212  272   132 
  31   3   0   247  250   140 
  32   3   0   169  193   117 
  33   3   0   167  193   169 
  34   3   0   169  221   175 
  35   3   0   175  221   157 
  36   3   0   119  193   167 
  37   3   0   117  221   169 
  38   3   0   200  213   199 
  39   3   0   119  167   165 
  40   3   0   165  170   119 
  41   3   0    98  210   143 
  42   3   0   104  170   103 
  43   3   0    80  213   200 
  44   3   0   103  177   174 
  45   3   0    83  173    70 
  46   3   0   142  217   124 
  47   3   0   183  199   173 
  48   3   0    63  218    85 
  49   3   0    55  235   234 
  50   3   0    71  224   222 
  51   3   0   170  177   103 
  52   3   0   133  173    84 
  53   3   0   119  170   104 
  54   3   0    93  210    98 
  55   3   0   128  187   141 
  56   3   0   199  213    70 
  57   3   0   133  183   173 
  58   3   0   145  186    87 
  59   3   0    96  134   128 
  60   3   0   182  204    28 
  61   3   0   174  177   143 
  62   3   0   143  210   174 
  63   3   0   154  199   183 
  64   3   0   161  170   165 
  65   3   0   161  177   170 
  66   3   0    44   83    70 
  67   3   0     5  184    82 
  68   3   0     7  196    75 
  69   3   0    10  203     9 
  70   3   0    72  205    31 
  71   3   0    33  176    32 
  72   3   0    96  227   134 
  73   3   0   159  171   127 
  74   3   0   183  217   142 
  75   3   0   214  219   112 
  76   3   0   158  232   226 
  77   3   0    77  203    10 
  78   3   0    45   83    44 
  79   3   0    63   84    83 
  80   3   0    99  146   101 
  81   3   0   121  194   136 
  82   3   0   139  158   126 
  83   3   0   171  172   139 
  84   3   0   145  224   186 
  85   3   0   122  207   115 
  86   3   0   156  214   130 
  87   3   0   143  177   144 
  88   3   0   222  224   145 
  89   3   0   150  164   163 
  90   3   0     8  196     7 
  91   3   0    85   86    84 
  92   3   0   109  201   111 
  93   3   0   167  169   168 
  94   3   0     5   82     4 
  95   3   0     6  184     5 
  96   3   0    75  184     6 
  97   3   0    29  182    28 
  98   3   0    42   80    41 
  99   3   0    44   70    43 
 100   3   0    84  173    83 
 101   3   0    87   89    88 
 102   3   0    89   90    88 
 103   3   0    90   93    92 
 104   3   0   100  174    91 
 105   3   0    94   96    95 
 106   3   0   189  206   191 
 107   3   0   215  228   223 
 108   3   0    49   71    48 
 109   3   0   123  126    97 
 110   3   0   102  211   105 
 111   3   0   144  159   127 
 112   3   0    74  185    18 
 113   3   0   109  111   110 
 114   3   0   194  195   136 
 115   3   0    32   72    31 
 116   3   0    85  218   145 
 117   3   0    98  127   123 
 118   3   0   116  132   125 
 119   3   0   125  131   129 
 120   3   0   155  156   130 
 121   3   0   152  212   138 
 122   3   0   144  161   160 
 123   3   0   144  177   161 
 124   3   0   234  235   148 
 125   3   0   156  219   214 
 126   3   0   161  162   160 
 127   3   0   167  168   166 
 128   3   0    16  202    15 
 129   3   0    19   74    18 
 130   3   0    19  178    74 
 131   3   0    34   60    33 
 132   3   0    60  176    33 
 133   3   0    39   76    38 
 134   3   0    46  218    63 
 135   3   0    51  189    62 
 136   3   0   189  190    62 
 137   3   0   120  201   109 
 138   3   0     9   68     8 
 139   3   0    23  208    79 
 140   3   0    25   73    24 
 141   3   0    25  188    73 
 142   3   0    64  188    26 
 143   3   0    28  204    27 
 144   3   0    65  182    29 
 145   3   0    31  205    30 
 146   3   0    37  197    66 
 147   3   0    63   83    45 
 148   3   0    62  215    50 
 149   3   0    53  206    52 
 150   3   0    58  192    57 
 151   3   0    63   85    84 
 152   3   0   185  198    67 
 153   3   0   178  179    74 
 154   3   0    87  186    89 
 155   3   0    89   91    90 
 156   3   0    89  186    99 
 157   3   0    93   97    94 
 158   3   0    93   98    97 
 159   3   0   147  211   101 
 160   3   0   102  104   103 
 161   3   0   106  193   119 
 162   3   0   121  122   115 
 163   3   0   123  171   139 
 164   3   0   128  141   124 
 165   3   0   134  149   128 
 166   3   0   149  187   128 
 167   3   0   180  198   185 
 168   3   0    17  185    67 
 169   3   0    20  178    19 
 170   3   0    38  197    37 
 171   3   0    46   63    45 
 172   3   0    71  222    48 
 173   3   0    51   62    50 
 174   3   0    86  133    84 
 175   3   0   107  109   108 
 176   3   0   111  113   112 
 177   3   0   113  121   115 
 178   3   0   116  118   114 
 179   3   0   116  207   132 
 180   3   0   121  136   135 
 181   3   0   135  137   122 
 182   3   0   138  207   122 
 183   3   0   207  212   132 
 184   3   0    15   78    14 
 185   3   0    15  202    78 
 186   3   0    17   67    16 
 187   3   0    23   79    22 
 188   3   0    37   66    36 
 189   3   0   180  185    74 
 190   3   0    85   87    86 
 191   3   0    86  216   133 
 192   3   0   105  107   106 
 193   3   0   113  194   121 
 194   3   0   165  167   166 
 195   3   0   178  181   179 
 196   3   0    54   61    53 
 197   3   0    57   69    56 
 198   3   0    57  192    69 
 199   3   0    89   99    91 
 200   3   0   103  174   100 
 201   3   0   146  147   101 
 202   3   0   102  105   104 
 203   3   0   107  108   106 
 204   3   0   111  112   110 
 205   3   0   111  201   194 
 206   3   0   113  114   112 
 207   3   0   113  115   114 
 208   3   0   115  116   114 
 209   3   0   115  207   116 
 210   3   0   138  212   207 
 211   3   0   146  223   147 
 212   3   0   189  191   190 
 213   3   0     7   75     6 
 214   3   0    68  196     8 
 215   3   0    67  202    16 
 216   3   0    24  208    23 
 217   3   0    26  188    25 
 218   3   0    52  189    51 
 219   3   0    59   81    58 
 220   3   0    81  192    58 
 221   3   0   173  199    70 
 222   3   0   215  223    71 
 223   3   0   121  135   122 
 224   3   0    11   77    10 
 225   3   0    18  185    17 
 226   3   0    32  176    72 
 227   3   0    47  218    46 
 228   3   0    50  215    49 
 229   3   0    61  206    53 
 230   3   0    61  233   230 
 231   3   0    88  216    86 
 232   3   0    90   92    88 
 233   3   0    99  100    91 
 234   3   0    93   94    92 
 235   3   0    94   95    92 
 236   3   0    94  227    96 
 237   3   0    99  186   146 
 238   3   0   101  102   100 
 239   3   0   105  106   104 
 240   3   0   107  120   109 
 241   3   0   117  193   108 
 242   3   0   127  171   123 
 243   3   0   137  151   138 
 244   3   0   228  231   147 
 245   3   0   226  232   150 
 246   3   0   154  200   199 
 247   3   0   110  117   108 
 248   3   0   125  129   118 
 249   3   0   137  138   122 
 250   3   0   123  139   126 
 251   3   0    52  206   189 
 252   3   0   179  180    74 
 253   3   0    87   88    86 
 254   3   0   211  220   105 
 255   3   0   129  130   118 
 256   3   0   141  142   124 
 257   3   0   129  140   130 
 258   3   0   140  155   130 
 259   3   0   151  152   138 
 260   3   0   153  154   142 
 261   3   0   223  228   147 
 262   3   0   201  229   195 
 263   3   0    90  210    93 
 264   3   0   101  211   102 
 265   3   0   107  220   120 
 266   3   0   109  110   108 
 267   3   0   110  219   117 
 268   3   0   111  194   113 
 269   3   0   116  125   118 
 270   3   0   130  214   118 
 271   3   0   143  144   127 
 272   3   0   134  227   226 
 273   3   0   136  148   135 
 274   3   0   165  166   162 
 275   3   0   169  175   168 
 276   3   0   194  201   195 
 277   3   0    73  208    24 
 278   3   0    27   64    26 
 279   3   0    30   65    29 
 280   3   0    49  215    71 
 281   3   0    62  228   215 
 282   3   0    73  209   208 
 283   3   0   150  163   149 
 284   3   0     9  203    68 
 285   3   0    27  204    64 
 286   3   0    30  205    65 
 287   3   0   223  224    71 
 288   3   0    85  145    87 
 289   3   0    95  216    92 
 290   3   0    96  124    95 
 291   3   0   102  103   100 
 292   3   0   141  153   142 
 293   3   0    70  213    43 
 294   3   0   118  214   114 
 295   3   0   219  221   117 
 296   3   0   154  183   142 
 297   3   0   161  165   162 
 298   3   0    91  210    90 
 299   3   0   174  210    91 
 300   3   0   106  119   104 
 301   3   0   146  224   223 
 302   3   0   155  157   156 
 303   3   0   156  221   219 
 304   3   0   230  233   195 
 305   3   0    92  216    88 
 306   3   0   105  220   107 
 307   3   0   112  219   110 
 308   3   0   114  214   112 
 309   3   0   220  225   120 
 310   3   0   120  229   201 
 311   3   0   147  231   211 
 312   3   0   124  217    95 
 313   3   0    98  123    97 
 314   3   0   108  193   106 
 315   3   0   225  229   120 
 316   3   0   133  217   183 
 317   3   0   216  217   133 
 318   3   0   144  160   159 
 319   3   0   186  224   146 
 320   3   0   229  230   195 
 321   3   0   136  233   148 
 322   3   0   157  221   156 
 323   3   0   191  225   190 
 324   3   0   206  230   191 
 325   3   0   190  231   228 
 326   3   0    48  222    47 
 327   3   0    55  234    54 
 328   3   0    98  143   127 
 329   3   0    99  101   100 
 330   3   0   134  226   150 
 331   3   0   218  222   145 
 332   3   0   126  227    97 
 333   3   0   158  226   126 
 334   3   0    56  235    55 
 335   3   0    61  230   206 
 336   3   0    96  128   124 
 337   3   0   191  229   225 
 338   3   0   226  227   126 
 339   3   0   148  236   135 
 340   3   0   134  150   149 
 341   3   0    42  213    80 
 342   3   0   225  231   190 
 343   3   0    43  213    42 
 344   3   0   150  232   164 
 345   3   0    54  234    61 
 346   3   0   191  230   229 
 347   3   0    76  197    38 
 348   3   0   211  231   220 
 349   3   0    61  234   233 
 350   3   0   220  231   225 
 351   3   0   190  228    62 
 352   3   0   235  236   148 
 353   3   0    95  217   216 
 354   3   0   195  233   136 
 355   3   0    47  222   218 
 356   3   0   233  234   148 
 357   3   0    69  235    56 
 358   3   0    69  237   236 
 359   3   0   135  236   137 
 360   3   0   192  237    69 
 361   3   0   236  237   137 
 362   3   0   137  237   151 
 363   3   0    81  238   192 
 364   3   0   237  238   151 
 365   3   0    97  227    94 
 366   3   0   192  238   237 
 367   3   0    69  236   235 
 368   3   0   203  249    68 
 369   3   0    12  239    11 
 370   3   0    40  241    39 
 371   3   0    14  240    13 
 372   3   0   178  242   181 
 373   3   0    21  242    20 
 374   3   0   163  244   149 
 375   3   0   132  245   125 
 376   3   0    39  241    76 
 377   3   0    78  240    14 
 378   3   0    20  242   178 
 379   3   0    11  239    77 
 380   3   0    36  246    35 
 381   3   0   188  247    73 
 382   3   0    35  248    34 
 383   3   0   187  249   141 
 384   3   0   172  263   139 
 385   3   0   129  260   140 
 386   3   0   171  262   172 
 387   3   0   154  264   200 
 388   3   0   238  265   151 
 389   3   0    67  266   202 
 390   3   0     0  270    40 
 391   3   0     2  268    59 
 392   3   0     4  270     0 
 393   3   0     3  269    21 
 394   3   0    13  268     2 
 395   3   0    22  269     3 
 396   3   0    41  267     1 
 397   3   0     1  267    12 
 398   3   0   208  273    79 
 399   3   0   181  261   179 
 400   3   0   184  243    82 
 401   3   0   196  244    75 
 402   3   0   149  244   187 
 403   3   0   125  245   131 
 404   3   0   212  266   198 
 405   3   0   172  262   248 
 406   3   0   246  263   172 
 407   3   0   140  260   247 
 408   3   0   260  261   209 
 409   3   0   131  261   260 
 410   3   0    66  246    36 
 411   3   0    73  247   209 
 412   3   0    34  248    60 
 413   3   0   152  266   212 
 414   3   0   141  249   153 
 415   3   0   255  263    66 
 416   3   0    60  262   252 
 417   3   0   182  258   257 
 418   3   0   257  258   175 
 419   3   0   182  257   204 
 420   3   0    64  250   188 
 421   3   0    64  251   250 
 422   3   0   204  251    64 
 423   3   0   166  256   253 
 424   3   0   158  255   232 
 425   3   0   253  256   205 
 426   3   0    60  252   176 
 427   3   0   140  250   155 
 428   3   0   250  251   155 
 429   3   0   155  251   157 
 430   3   0   157  257   175 
 431   3   0   162  254   160 
 432   3   0   253  254   162 
 433   3   0    65  258   182 
 434   3   0   256  258    65 
 435   3   0    72  254   253 
 436   3   0   205  256    65 
 437   3   0   176  254    72 
 438   3   0   232  259   164 
 439   3   0   197  255    66 
 440   3   0   166  253   162 
 441   3   0    72  253   205 
 442   3   0   175  258   168 
 443   3   0   168  256   166 
 444   3   0   160  252   159 
 445   3   0   255  259   232 
 446   3   0   168  258   256 
 447   3   0   160  254   252 
 448   3   0   204  257   251 
 449   3   0    76  259   197 
 450   3   0   252  254   176 
 451   3   0   251  257   157 
 452   3   0   197  259   255 
 453   3   0   158  263   255 
 454   3   0   252  262   159 
 455   3   0   131  260   129 
 456   3   0   159  262   171 
 457   3   0   139  263   158 
 458   3   0   153  264   154 
 459   3   0   151  265   152 
 460   3   0   198  266    67 
 461   3   0   241  271    76 
 462   3   0    12  267   239 
 463   3   0    21  269   242 
 464   3   0   240  268    13 
 465   3   0    40  270   241 
 466   3   0    80  267    41 
 467   3   0    82  270     4 
 468   3   0    79  269    22 
 469   3   0    59  268    81 
 470   3   0   180  272   198 
 471   3   0   132  272   245 
 472   3   0   209  273   208 
 473   3   0   239  267    80 
 474   3   0    81  268   240 
 475   3   0   242  269    79 
 476   3   0   241  270    82 
 477   3   0   247  260   209 
 478   3   0    66  263   246 
 479   3   0   248  262    60 
 480   3   0   181  273   261 
 481   3   0   261  273   209 
 482   3   0   245  272   180 
 483   3   0   164  271   243 
 484   3   0    76  271   259 
 485   3   0   259  271   164 
