   0   1.0000   2.0000     0     0 
   1   0.0000   2.0000     0     0 
   2   0.0000   0.0000    -1    -1 
   3   1.0000   0.0000    -1    -1 
   4   0.9000   2.0000     0     0 
   5   0.8000   2.0000     0     0 
   6   0.7000   2.0000     0     0 
   7   0.6000   2.0000     0     0 
   8   0.5000   2.0000     0     0 
   9   0.4000   2.0000     0     0 
  10   0.3000   2.0000     0     0 
  11   0.2000   2.0000     0     0 
  12   0.1000   2.0000     0     0 
  13   0.1000   0.0000    -1    -1 
  14   0.2000   0.0000    -1    -1 
  15   0.3000   0.0000    -1    -1 
  16   0.4000   0.0000    -1    -1 
  17   0.5000   0.0000    -1    -1 
  18   0.6000   0.0000    -1    -1 
  19   0.7000   0.0000    -1    -1 
  20   0.8000   0.0000    -1    -1 
  21   0.9000   0.0000    -1    -1 
  22   1.0000   0.1000     0     0 
  23   1.0000   0.2000     0     0 
  24   1.0000   0.3000     0     0 
  25   1.0000   0.4000     0     0 
  26   1.0000   0.5000     0     0 
  27   1.0000   0.6000     0     0 
  28   1.0000   0.7000     0     0 
  29   1.0000   0.8000     0     0 
  30   1.0000   0.9000     0     0 
  31   1.0000   1.0000     0     0 
  32   1.0000   1.1000     0     0 
  33   1.0000   1.2000     0     0 
  34   1.0000   1.3000     0     0 
  35   1.0000   1.4000     0     0 
  36   1.0000   1.5000     0     0 
  37   1.0000   1.6000     0     0 
  38   1.0000   1.7000     0     0 
  39   1.0000   1.8000     0     0 
  40   1.0000   1.9000     0     0 
  41   0.0000   1.9000     0     0 
  42   0.0000   1.8000     0     0 
  43   0.0000   1.7000     0     0 
  44   0.0000   1.6000     0     0 
  45   0.0000   1.5000     0     0 
  46   0.0000   1.4000     0     0 
  47   0.0000   1.3000     0     0 
  48   0.0000   1.2000     0     0 
  49   0.0000   1.1000     0     0 
  50   0.0000   1.0000     0     0 
  51   0.0000   0.9000     0     0 
  52   0.0000   0.8000     0     0 
  53   0.0000   0.7000     0     0 
  54   0.0000   0.6000     0     0 
  55   0.0000   0.5000     0     0 
  56   0.0000   0.4000     0     0 
  57   0.0000   0.3000     0     0 
  58   0.0000   0.2000     0     0 
  59   0.0000   0.1000     0     0 
  60   0.9155   1.2494     0     0 
  61   0.0866   0.6500     0     0 
  62   0.0866   0.9500     0     0 
  63   0.0866   1.4500     0     0 
  64   0.9134   0.5500     0     0 
  65   0.9134   0.8500     0     0 
  66   0.9155   1.5506     0     0 
  67   0.4532   0.0848     0     0 
  68   0.4572   1.9101     0     0 
  69   0.0866   0.3500     0     0 
  70   0.0866   1.6500     0     0 
  71   0.0866   1.1500     0     0 
  72   0.9134   1.0500     0     0 
  73   0.9148   0.3475     0     0 
  74   0.6500   0.0866     0     0 
  75   0.6500   1.9134     0     0 
  76   0.9204   1.7460     0     0 
  77   0.2413   1.9104     0     0 
  78   0.2413   0.0896     0     0 
  79   0.9042   0.1586     0     0 
  80   0.0847   1.8496     0     0 
  81   0.0847   0.1504     0     0 
  82   0.8494   1.9171     0     0 
  83   0.0866   1.5500     0     0 
  84   0.1732   1.5000     0     0 
  85   0.1732   1.4000     0     0 
  86   0.2598   1.4500     0     0 
  87   0.2598   1.3500     0     0 
  88   0.3464   1.4000     0     0 
  89   0.3464   1.3000     0     0 
  90   0.4330   1.3500     0     0 
  91   0.4330   1.2500     0     0 
  92   0.4330   1.4500     0     0 
  93   0.5196   1.4000     0     0 
  94   0.5196   1.5000     0     0 
  95   0.4330   1.5500     0     0 
  96   0.5196   1.6000     0     0 
  97   0.6062   1.4500     0     0 
  98   0.6062   1.3500     0     0 
  99   0.3464   1.2000     0     0 
 100   0.4330   1.1500     0     0 
 101   0.3464   1.1000     0     0 
 102   0.4330   1.0500     0     0 
 103   0.5196   1.1000     0     0 
 104   0.5196   1.0000     0     0 
 105   0.4330   0.9500     0     0 
 106   0.5196   0.9000     0     0 
 107   0.4330   0.8500     0     0 
 108   0.5196   0.8000     0     0 
 109   0.4330   0.7500     0     0 
 110   0.5196   0.7000     0     0 
 111   0.4330   0.6500     0     0 
 112   0.5196   0.6000     0     0 
 113   0.4330   0.5500     0     0 
 114   0.5196   0.5000     0     0 
 115   0.4330   0.4500     0     0 
 116   0.5196   0.4000     0     0 
 117   0.6062   0.7500     0     0 
 118   0.6062   0.4500     0     0 
 119   0.6062   0.9500     0     0 
 120   0.3464   0.8000     0     0 
 121   0.3464   0.5000     0     0 
 122   0.3464   0.4000     0     0 
 123   0.6928   1.4000     0     0 
 124   0.4330   1.6500     0     0 
 125   0.6073   0.3519     0     0 
 126   0.6928   1.5000     0     0 
 127   0.6928   1.3000     0     0 
 128   0.5196   1.7000     0     0 
 129   0.6897   0.4003     0     0 
 130   0.6923   0.5001     0     0 
 131   0.6928   0.3000     0     0 
 132   0.5252   0.3074     0     0 
 133   0.2598   1.5500     0     0 
 134   0.6062   1.6500     0     0 
 135   0.2598   0.4500     0     0 
 136   0.2598   0.5500     0     0 
 137   0.2598   0.3500     0     0 
 138   0.3464   0.3000     0     0 
 139   0.7761   1.4500     0     0 
 140   0.7707   0.4483     0     0 
 141   0.4314   1.7473     0     0 
 142   0.3461   1.6995     0     0 
 143   0.6062   1.2500     0     0 
 144   0.6928   1.2000     0     0 
 145   0.1732   1.3000     0     0 
 146   0.2598   1.1500     0     0 
 147   0.2598   1.0500     0     0 
 148   0.1732   0.5000     0     0 
 149   0.6052   1.7482     0     0 
 150   0.6926   1.6997     0     0 
 151   0.2615   0.2529     0     0 
 152   0.3466   0.2032     0     0 
 153   0.3468   1.7961     0     0 
 154   0.2615   1.7464     0     0 
 155   0.7753   0.5499     0     0 
 156   0.6920   0.6000     0     0 
 157   0.7775   0.6500     0     0 
 158   0.7776   1.5500     0     0 
 159   0.7794   1.2500     0     0 
 160   0.7794   1.1500     0     0 
 161   0.6928   1.1000     0     0 
 162   0.7794   1.0500     0     0 
 163   0.6968   1.8146     0     0 
 164   0.7785   1.7490     0     0 
 165   0.6928   1.0000     0     0 
 166   0.7794   0.9500     0     0 
 167   0.6928   0.9000     0     0 
 168   0.7794   0.8500     0     0 
 169   0.6928   0.8000     0     0 
 170   0.6062   1.0500     0     0 
 171   0.7756   1.3500     0     0 
 172   0.8480   1.4000     0     0 
 173   0.1732   1.6000     0     0 
 174   0.5196   1.2000     0     0 
 175   0.7776   0.7500     0     0 
 176   0.9134   1.1500     0     0 
 177   0.6062   1.1500     0     0 
 178   0.7492   0.0861     0     0 
 179   0.6949   0.1898     0     0 
 180   0.5922   0.1714     0     0 
 181   0.7996   0.1661     0     0 
 182   0.9134   0.7500     0     0 
 183   0.2600   1.6493     0     0 
 184   0.7494   1.9138     0     0 
 185   0.5492   0.0860     0     0 
 186   0.2598   1.2500     0     0 
 187   0.5124   1.8131     0     0 
 188   0.9183   0.4471     0     0 
 189   0.0866   0.8500     0     0 
 190   0.1732   0.9000     0     0 
 191   0.1732   0.8000     0     0 
 192   0.0863   0.2501     0     0 
 193   0.6062   0.8500     0     0 
 194   0.3464   0.6000     0     0 
 195   0.2598   0.6500     0     0 
 196   0.5523   1.9129     0     0 
 197   0.9163   1.6498     0     0 
 198   0.4987   0.1643     0     0 
 199   0.1735   1.6993     0     0 
 200   0.1818   1.8149     0     0 
 201   0.3464   0.7000     0     0 
 202   0.3471   0.1010     0     0 
 203   0.3484   1.8975     0     0 
 204   0.9134   0.6500     0     0 
 205   0.9134   0.9500     0     0 
 206   0.0866   0.7500     0     0 
 207   0.4339   0.3512     0     0 
 208   0.9150   0.2560     0     0 
 209   0.8309   0.3010     0     0 
 210   0.5196   1.3000     0     0 
 211   0.3464   1.0000     0     0 
 212   0.4451   0.2456     0     0 
 213   0.0878   1.7523     0     0 
 214   0.6061   0.5500     0     0 
 215   0.0866   1.0500     0     0 
 216   0.3464   1.5000     0     0 
 217   0.3464   1.5998     0     0 
 218   0.0866   1.3500     0     0 
 219   0.6061   0.6500     0     0 
 220   0.3464   0.9000     0     0 
 221   0.6925   0.7000     0     0 
 222   0.0866   1.2500     0     0 
 223   0.1732   1.1000     0     0 
 224   0.1732   1.2000     0     0 
 225   0.2598   0.8500     0     0 
 226   0.6925   1.6000     0     0 
 227   0.6062   1.5500     0     0 
 228   0.1732   1.0000     0     0 
 229   0.2598   0.7500     0     0 
 230   0.1732   0.7000     0     0 
 231   0.2598   0.9500     0     0 
 232   0.7776   1.6499     0     0 
 233   0.1732   0.6000     0     0 
 234   0.0866   0.5500     0     0 
 235   0.0866   0.4500     0     0 
 236   0.1732   0.4000     0     0 
 237   0.1734   0.3005     0     0 
 238   0.1817   0.1850     0     0 
 239   0.1491   1.9167     0     0 
 240   0.1491   0.0832     0     0 
 241   0.9061   1.8441     0     0 
 242   0.8466   0.0807     0     0 
 243   0.8000   1.8381     0     0 
 244   0.6000   1.8392     0     0 
 245   0.6127   0.2613     0     0 
 246   0.9220   1.4648     0     0 
 247   0.8401   0.3990     0     0 
 248   0.9220   1.3352     0     0 
 249   0.4192   1.8328     0     0 
 250   0.8440   0.4990     0     0 
 251   0.8450   0.5998     0     0 
 252   0.8464   1.2000     0     0 
 253   0.8464   1.0000     0     0 
 254   0.8464   1.1000     0     0 
 255   0.8464   1.6000     0     0 
 256   0.8464   0.9000     0     0 
 257   0.8460   0.7000     0     0 
 258   0.8464   0.8000     0     0 
 259   0.8467   1.6989     0     0 
 260   0.7608   0.3498     0     0 
 261   0.7675   0.2538     0     0 
 262   0.8463   1.3000     0     0 
 263   0.8463   1.5000     0     0 
 264   0.2760   1.8330     0     0 
 265   0.2757   0.1663     0     0 
 266   0.4190   0.1623     0     0 
 267   0.0732   1.9268     0     0 
 268   0.0732   0.0732     0     0 
 269   0.9268   0.0732     0     0 
 270   0.9268   1.9268     0     0 
 271   0.8504   1.7752     0     0 
 272   0.5379   0.2303     0     0 
 273   0.8442   0.2301     0     0 
